wavelength,flux
3459.432861,7.877738E-15
3462.387478,7.538882E-15
3465.342095,7.454326E-15
3468.296712,7.784675E-15
3471.251328,8.208823E-15
3474.205945,8.310992E-15
3477.160562,9.008176E-15
3480.115179,8.348528E-15
3483.069796,7.272052E-15
3486.024412,7.792411E-15
3488.979029,7.688970E-15
3491.933646,7.627409E-15
3494.888263,7.943656E-15
3497.84288,8.024695E-15
3500.797496,8.029126E-15
3503.752113,8.249089E-15
3506.70673,8.367076E-15
3509.661347,8.280707E-15
3512.615963,8.838434E-15
3515.57058,8.781863E-15
3518.525197,8.169605E-15
3521.479814,7.669681E-15
3524.434431,7.877232E-15
3527.389047,8.318267E-15
3530.343664,8.034248E-15
3533.298281,7.662965E-15
3536.252898,7.983505E-15
3539.207515,8.219863E-15
3542.162131,8.157531E-15
3545.116748,8.287609E-15
3548.071365,8.658899E-15
3551.025982,9.104240E-15
3553.980598,9.208559E-15
3556.935215,9.310590E-15
3559.889832,9.007806E-15
3562.844449,8.085995E-15
3565.799066,8.411824E-15
3568.753682,9.545775E-15
3571.708299,9.714666E-15
3574.662916,9.582831E-15
3577.617533,9.448104E-15
3580.57215,9.131965E-15
3583.526766,9.155292E-15
3586.481383,8.795776E-15
3589.436,9.339504E-15
3592.390617,9.716289E-15
3595.345233,9.332391E-15
3598.29985,9.034448E-15
3601.254467,8.923811E-15
3604.209084,9.051628E-15
3607.163701,9.277676E-15
3610.118317,9.506506E-15
3613.072934,9.733755E-15
3616.027551,9.514566E-15
3618.982168,9.699753E-15
3621.936785,9.695776E-15
3624.891401,9.711523E-15
3627.846018,1.006479E-14
3630.800635,9.949506E-15
3633.755252,9.764089E-15
3636.709868,9.792890E-15
3639.664485,9.761587E-15
3642.619102,9.887101E-15
3645.573719,9.919681E-15
3648.528336,1.021615E-14
3651.482952,1.062351E-14
3654.437569,1.069237E-14
3657.392186,1.073688E-14
3660.346803,1.050213E-14
3663.301419,1.001289E-14
3666.256036,9.807335E-15
3669.210653,1.037544E-14
3672.16527,1.053216E-14
3675.119887,1.067953E-14
3678.074503,1.076500E-14
3681.02912,1.044560E-14
3683.983737,1.056787E-14
3686.938354,1.053175E-14
3689.892971,1.057486E-14
3692.847587,1.080083E-14
3695.802204,1.095660E-14
3698.756821,1.090137E-14
3701.711438,1.099483E-14
3704.666054,1.147656E-14
3707.620671,1.145246E-14
3710.575288,1.099844E-14
3713.529905,1.034950E-14
3716.484522,1.060920E-14
3719.439138,1.105602E-14
3722.393755,1.108695E-14
3725.348372,1.091269E-14
3728.302989,1.106217E-14
3731.257606,1.093067E-14
3734.212222,1.118298E-14
3737.166839,1.180467E-14
3740.121456,1.208001E-14
3743.076073,1.190111E-14
3746.030689,1.178748E-14
3748.985306,1.200336E-14
3751.939923,1.204774E-14
3754.89454,1.203430E-14
3757.849157,1.183581E-14
3760.803773,1.164387E-14
3763.75839,1.133846E-14
3766.713007,1.115452E-14
3769.667624,1.131755E-14
3772.622241,1.159510E-14
3775.576857,1.155624E-14
3778.531474,1.126895E-14
3781.486091,1.125707E-14
3784.440708,1.116941E-14
3787.395324,1.105772E-14
3790.349941,1.143248E-14
3793.304558,1.180462E-14
3796.259175,1.179158E-14
3799.213792,1.155492E-14
3802.168408,1.160003E-14
3805.123025,1.170520E-14
3808.077642,1.161848E-14
3811.032259,1.158346E-14
3813.986876,1.163216E-14
3816.941492,1.184883E-14
3819.896109,1.175665E-14
3822.850726,1.161484E-14
3825.805343,1.167848E-14
3828.759959,1.173638E-14
3831.714576,1.152091E-14
3834.669193,1.138936E-14
3837.62381,1.180640E-14
3840.578427,1.175576E-14
3843.533043,1.188457E-14
3846.48766,1.193721E-14
3849.442277,1.180229E-14
3852.396894,1.179275E-14
3855.351511,1.216582E-14
3858.306127,1.226785E-14
3861.260744,1.204735E-14
3864.215361,1.203270E-14
3867.169978,1.204152E-14
3870.124594,1.238550E-14
3873.079211,1.251408E-14
3876.033828,1.243671E-14
3878.988445,1.224726E-14
3881.943062,1.222664E-14
3884.897678,1.230271E-14
3887.852295,1.239318E-14
3890.806912,1.259474E-14
3893.761529,1.256245E-14
3896.716146,1.251720E-14
3899.670762,1.272870E-14
3902.625379,1.286530E-14
3905.579996,1.287385E-14
3908.534613,1.287583E-14
3911.489229,1.280220E-14
3914.443846,1.283016E-14
3917.398463,1.285674E-14
3920.35308,1.289959E-14
3923.307697,1.284643E-14
3926.262313,1.279577E-14
3929.21693,1.263536E-14
3932.171547,1.267556E-14
3935.126164,1.283909E-14
3938.080781,1.289705E-14
3941.035397,1.289960E-14
3943.990014,1.325630E-14
3946.944631,1.331200E-14
3949.899248,1.329494E-14
3952.853864,1.337074E-14
3955.808481,1.315680E-14
3958.763098,1.299704E-14
3961.717715,1.296452E-14
3964.672332,1.314241E-14
3967.626948,1.313728E-14
3970.581565,1.313098E-14
3973.536182,1.303517E-14
3976.490799,1.325315E-14
3979.445415,1.333659E-14
3982.400032,1.323917E-14
3985.354649,1.321561E-14
3988.309266,1.323200E-14
3991.263883,1.318913E-14
3994.218499,1.311018E-14
3997.173116,1.309844E-14
4000.127733,1.329185E-14
4003.08235,1.337530E-14
4006.036967,1.320697E-14
4008.991583,1.326520E-14
4011.9462,1.321611E-14
4014.900817,1.311789E-14
4017.855434,1.298528E-14
4020.81005,1.297122E-14
4023.764667,1.321653E-14
4026.719284,1.349496E-14
4029.673901,1.331979E-14
4032.628518,1.306783E-14
4035.583134,1.312830E-14
4038.537751,1.308437E-14
4041.492368,1.312042E-14
4044.446985,1.329437E-14
4047.401602,1.320166E-14
4050.356218,1.314599E-14
4053.310835,1.321583E-14
4056.265452,1.320860E-14
4059.220069,1.316602E-14
4062.174685,1.294960E-14
4065.129302,1.289184E-14
4068.083919,1.301202E-14
4071.038536,1.326883E-14
4073.993153,1.325931E-14
4076.947769,1.315894E-14
4079.902386,1.302311E-14
4082.857003,1.304245E-14
4085.81162,1.349511E-14
4088.766237,1.344239E-14
4091.720853,1.337219E-14
4094.67547,1.329598E-14
4097.630087,1.320874E-14
4100.584704,1.301802E-14
4103.53932,1.271404E-14
4106.493937,1.277758E-14
4109.448554,1.277726E-14
4112.403171,1.289192E-14
4115.357788,1.299916E-14
4118.312404,1.290207E-14
4121.267021,1.301321E-14
4124.221638,1.314259E-14
4127.176255,1.278357E-14
4130.130872,1.252155E-14
4133.085488,1.250657E-14
4136.040105,1.243741E-14
4138.994722,1.244343E-14
4141.949339,1.264338E-14
4144.903955,1.266437E-14
4147.858572,1.253144E-14
4150.813189,1.250542E-14
4153.767806,1.244097E-14
4156.722423,1.255585E-14
4159.677039,1.274569E-14
4162.631656,1.273000E-14
4165.586273,1.265543E-14
4168.54089,1.260597E-14
4171.495507,1.270936E-14
4174.450123,1.273374E-14
4177.40474,1.282954E-14
4180.359357,1.289518E-14
4183.313974,1.268903E-14
4186.26859,1.261451E-14
4189.223207,1.260438E-14
4192.177824,1.262403E-14
4195.132441,1.276150E-14
4198.087058,1.280085E-14
4201.041674,1.283839E-14
4203.996291,1.275884E-14
4206.950908,1.264812E-14
4209.905525,1.262656E-14
4212.860142,1.253186E-14
4215.814758,1.251687E-14
4218.769375,1.268211E-14
4221.723992,1.273916E-14
4224.678609,1.294944E-14
4227.633225,1.311285E-14
4230.587842,1.295091E-14
4233.542459,1.277934E-14
4236.497076,1.286215E-14
4239.451693,1.304071E-14
4242.406309,1.299706E-14
4245.360926,1.303796E-14
4248.315543,1.291973E-14
4251.27016,1.228533E-14
4254.224777,1.233175E-14
4257.179393,1.280565E-14
4260.13401,1.293989E-14
4263.088627,1.276225E-14
4266.043244,1.278453E-14
4268.99786,1.286973E-14
4271.952477,1.302716E-14
4274.907094,1.301313E-14
4277.861711,1.288007E-14
4280.816328,1.275067E-14
4283.770944,1.288984E-14
4286.725561,1.301870E-14
4289.680178,1.295320E-14
4292.634795,1.284906E-14
4295.589411,1.287982E-14
4298.544028,1.293681E-14
4301.498645,1.296903E-14
4304.453262,1.303445E-14
4307.407879,1.300756E-14
4310.362495,1.293861E-14
4313.317112,1.284867E-14
4316.271729,1.297249E-14
4319.226346,1.315163E-14
4322.180963,1.313567E-14
4325.135579,1.304512E-14
4328.090196,1.285253E-14
4331.044813,1.265282E-14
4333.99943,1.280514E-14
4336.954046,1.294087E-14
4339.908663,1.288571E-14
4342.86328,1.291827E-14
4345.817897,1.278302E-14
4348.772514,1.275853E-14
4351.72713,1.279216E-14
4354.681747,1.279531E-14
4357.636364,1.279245E-14
4360.590981,1.284535E-14
4363.545598,1.270055E-14
4366.500214,1.258938E-14
4369.454831,1.258273E-14
4372.409448,1.265440E-14
4375.364065,1.259274E-14
4378.318681,1.259073E-14
4381.273298,1.255898E-14
4384.227915,1.261398E-14
4387.182532,1.265053E-14
4390.137149,1.257528E-14
4393.091765,1.253735E-14
4396.046382,1.249973E-14
4399.000999,1.240124E-14
4401.955616,1.220568E-14
4404.910233,1.225714E-14
4407.864849,1.240218E-14
4410.819466,1.251478E-14
4413.774083,1.255804E-14
4416.7287,1.264776E-14
4419.683316,1.270234E-14
4422.637933,1.267252E-14
4425.59255,1.247596E-14
4428.547167,1.233685E-14
4431.501784,1.252392E-14
4434.4564,1.268533E-14
4437.411017,1.275598E-14
4440.365634,1.284802E-14
4443.320251,1.285641E-14
4446.274868,1.289768E-14
4449.229484,1.289351E-14
4452.184101,1.281579E-14
4455.138718,1.285099E-14
4458.093335,1.291300E-14
4461.047951,1.285649E-14
4464.002568,1.283734E-14
4466.957185,1.278989E-14
4469.911802,1.306181E-14
4472.866419,1.324923E-14
4475.821035,1.318434E-14
4478.775652,1.300735E-14
4481.730269,1.300629E-14
4484.684886,1.311228E-14
4487.639503,1.328088E-14
4490.594119,1.333664E-14
4493.548736,1.325480E-14
4496.503353,1.324884E-14
4499.45797,1.333398E-14
4502.412586,1.329740E-14
4505.367203,1.325479E-14
4508.32182,1.335546E-14
4511.276437,1.346777E-14
4514.231054,1.336563E-14
4517.18567,1.333839E-14
4520.140287,1.351707E-14
4523.094904,1.361795E-14
4526.049521,1.366441E-14
4529.004138,1.360210E-14
4531.958754,1.355930E-14
4534.913371,1.361609E-14
4537.867988,1.358719E-14
4540.822605,1.348429E-14
4543.777221,1.359328E-14
4546.731838,1.361078E-14
4549.686455,1.364797E-14
4552.641072,1.367668E-14
4555.595689,1.365285E-14
4558.550305,1.374300E-14
4561.504922,1.366498E-14
4564.459539,1.363320E-14
4567.414156,1.361539E-14
4570.368773,1.353545E-14
4573.323389,1.371360E-14
4576.278006,1.369224E-14
4579.232623,1.361519E-14
4582.18724,1.363421E-14
4585.141856,1.365527E-14
4588.096473,1.369090E-14
4591.05109,1.368603E-14
4594.005707,1.365474E-14
4596.960324,1.366903E-14
4599.91494,1.359699E-14
4602.869557,1.345906E-14
4605.824174,1.335242E-14
4608.778791,1.337021E-14
4611.733407,1.338414E-14
4614.688024,1.333412E-14
4617.642641,1.324054E-14
4620.597258,1.330128E-14
4623.551875,1.332848E-14
4626.506491,1.323471E-14
4629.461108,1.322189E-14
4632.415725,1.327984E-14
4635.370342,1.314050E-14
4638.324959,1.290274E-14
4641.279575,1.298571E-14
4644.234192,1.317453E-14
4647.188809,1.328837E-14
4650.143426,1.327148E-14
4653.098042,1.313118E-14
4656.052659,1.295159E-14
4659.007276,1.301722E-14
4661.961893,1.311826E-14
4664.91651,1.308758E-14
4667.871126,1.292723E-14
4670.825743,1.289540E-14
4673.78036,1.283233E-14
4676.734977,1.276418E-14
4679.689594,1.276957E-14
4682.64421,1.270349E-14
4685.598827,1.264939E-14
4688.553444,1.261671E-14
4691.508061,1.252801E-14
4694.462677,1.245797E-14
4697.417294,1.247384E-14
4700.371911,1.243280E-14
4703.326528,1.238298E-14
4706.281145,1.235024E-14
4709.235761,1.243024E-14
4712.190378,1.251305E-14
4715.144995,1.245107E-14
4718.099612,1.244229E-14
4721.054229,1.254296E-14
4724.008845,1.246873E-14
4726.963462,1.236462E-14
4729.918079,1.240670E-14
4732.872696,1.247834E-14
4735.827312,1.245957E-14
4738.781929,1.249242E-14
4741.736546,1.254944E-14
4744.691163,1.257932E-14
4747.64578,1.248279E-14
4750.600396,1.247990E-14
4753.555013,1.252900E-14
4756.50963,1.240898E-14
4759.464247,1.244203E-14
4762.418864,1.248223E-14
4765.37348,1.253885E-14
4768.328097,1.264452E-14
4771.282714,1.269260E-14
4774.237331,1.273635E-14
4777.191947,1.270298E-14
4780.146564,1.260973E-14
4783.101181,1.263237E-14
4786.055798,1.255108E-14
4789.010415,1.259293E-14
4791.965031,1.266272E-14
4794.919648,1.259593E-14
4797.874265,1.248515E-14
4800.828882,1.264569E-14
4803.783499,1.275870E-14
4806.738115,1.272945E-14
4809.692732,1.269734E-14
4812.647349,1.260059E-14
4815.601966,1.264831E-14
4818.556582,1.274352E-14
4821.511199,1.272382E-14
4824.465816,1.269611E-14
4827.420433,1.267432E-14
4830.37505,1.266132E-14
4833.329666,1.274167E-14
4836.284283,1.271179E-14
4839.2389,1.258861E-14
4842.193517,1.263350E-14
4845.148134,1.275327E-14
4848.10275,1.284344E-14
4851.057367,1.289270E-14
4854.011984,1.282621E-14
4856.966601,1.274821E-14
4859.921217,1.283236E-14
4862.875834,1.291080E-14
4865.830451,1.286666E-14
4868.785068,1.278778E-14
4871.739685,1.279101E-14
4874.694301,1.287521E-14
4877.648918,1.291290E-14
4880.603535,1.299312E-14
4883.558152,1.307898E-14
4886.512769,1.310719E-14
4889.467385,1.312136E-14
4892.422002,1.326676E-14
4895.376619,1.339403E-14
4898.331236,1.328344E-14
4901.285852,1.328622E-14
4904.240469,1.331812E-14
4907.195086,1.331639E-14
4910.149703,1.327752E-14
4913.10432,1.330498E-14
4916.058936,1.341981E-14
4919.013553,1.324449E-14
4921.96817,1.305669E-14
4924.922787,1.318033E-14
4927.877403,1.328453E-14
4930.83202,1.328165E-14
4933.786637,1.317127E-14
4936.741254,1.324063E-14
4939.695871,1.346932E-14
4942.650487,1.341716E-14
4945.605104,1.344414E-14
4948.559721,1.357942E-14
4951.514338,1.363378E-14
4954.468955,1.351777E-14
4957.423571,1.351079E-14
4960.378188,1.357623E-14
4963.332805,1.340561E-14
4966.287422,1.352233E-14
4969.242038,1.372900E-14
4972.196655,1.362690E-14
4975.151272,1.368306E-14
4978.105889,1.379556E-14
4981.060506,1.367917E-14
4984.015122,1.352543E-14
4986.969739,1.366252E-14
4989.924356,1.381709E-14
4992.878973,1.386536E-14
4995.83359,1.387845E-14
4998.788206,1.387388E-14
5001.742823,1.391684E-14
5004.69744,1.387348E-14
5007.652057,1.386797E-14
5010.606673,1.394832E-14
5013.56129,1.408026E-14
5016.515907,1.414163E-14
5019.470524,1.411566E-14
5022.425141,1.409534E-14
5025.379757,1.407662E-14
5028.334374,1.406665E-14
5031.288991,1.414257E-14
5034.243608,1.426847E-14
5037.198225,1.448919E-14
5040.152841,1.464159E-14
5043.107458,1.464520E-14
5046.062075,1.463138E-14
5049.016692,1.457795E-14
5051.971308,1.456487E-14
5054.925925,1.460751E-14
5057.880542,1.465109E-14
5060.835159,1.458472E-14
5063.789776,1.463726E-14
5066.744392,1.478334E-14
5069.699009,1.476893E-14
5072.653626,1.470232E-14
5075.608243,1.480182E-14
5078.56286,1.493137E-14
5081.517476,1.491442E-14
5084.472093,1.504747E-14
5087.42671,1.500179E-14
5090.381327,1.496419E-14
5093.335943,1.523244E-14
5096.29056,1.530701E-14
5099.245177,1.521921E-14
5102.199794,1.524405E-14
5105.154411,1.546663E-14
5108.109027,1.563442E-14
5111.063644,1.567555E-14
5114.018261,1.569316E-14
5116.972878,1.573025E-14
5119.927495,1.559150E-14
5122.882111,1.562607E-14
5125.836728,1.563788E-14
5128.791345,1.547547E-14
5131.745962,1.565384E-14
5134.700578,1.589602E-14
5137.655195,1.593957E-14
5140.609812,1.594876E-14
5143.564429,1.597726E-14
5146.519046,1.590028E-14
5149.473662,1.588949E-14
5152.428279,1.600925E-14
5155.382896,1.612435E-14
5158.337513,1.609575E-14
5161.29213,1.616558E-14
5164.246746,1.620653E-14
5167.201363,1.620924E-14
5170.15598,1.622785E-14
5173.110597,1.613948E-14
5176.065213,1.611952E-14
5179.01983,1.630703E-14
5181.974447,1.638892E-14
5184.929064,1.642608E-14
5187.883681,1.635150E-14
5190.838297,1.633529E-14
5193.792914,1.638750E-14
5196.747531,1.643639E-14
5199.702148,1.641290E-14
5202.656765,1.643400E-14
5205.611381,1.650874E-14
5208.565998,1.658301E-14
5211.520615,1.670548E-14
5214.475232,1.679724E-14
5217.429848,1.660178E-14
5220.384465,1.653990E-14
5223.339082,1.664711E-14
5226.293699,1.657735E-14
5229.248316,1.662659E-14
5232.202932,1.672573E-14
5235.157549,1.682243E-14
5238.112166,1.692483E-14
5241.066783,1.676305E-14
5244.021399,1.662641E-14
5246.976016,1.670247E-14
5249.930633,1.666003E-14
5252.88525,1.672859E-14
5255.839867,1.676771E-14
5258.794483,1.665280E-14
5261.7491,1.666880E-14
5264.703717,1.676489E-14
5267.658334,1.665192E-14
5270.612951,1.665980E-14
5273.567567,1.670828E-14
5276.522184,1.679784E-14
5279.476801,1.679296E-14
5282.431418,1.671231E-14
5285.386034,1.669628E-14
5288.340651,1.668897E-14
5291.295268,1.665876E-14
5294.249885,1.654183E-14
5297.204502,1.635846E-14
5300.159118,1.641380E-14
5303.113735,1.651159E-14
5306.068352,1.654151E-14
5309.022969,1.651284E-14
5311.977586,1.644569E-14
5314.932202,1.636997E-14
5317.886819,1.627436E-14
5320.841436,1.630855E-14
5323.796053,1.632704E-14
5326.750669,1.618221E-14
5329.705286,1.614661E-14
5332.659903,1.615833E-14
5335.61452,1.611905E-14
5338.569137,1.614116E-14
5341.523753,1.610670E-14
5344.47837,1.603996E-14
5347.432987,1.596408E-14
5350.387604,1.588245E-14
5353.342221,1.588291E-14
5356.296837,1.583201E-14
5359.251454,1.583122E-14
5362.206071,1.575139E-14
5365.160688,1.571915E-14
5368.115304,1.570614E-14
5371.069921,1.565076E-14
5374.024538,1.557873E-14
5376.979155,1.556702E-14
5379.933772,1.552032E-14
5382.888388,1.545742E-14
5385.843005,1.546153E-14
5388.797622,1.537018E-14
5391.752239,1.527482E-14
5394.706856,1.523585E-14
5397.661472,1.503098E-14
5400.616089,1.487219E-14
5403.570706,1.497614E-14
5406.525323,1.514648E-14
5409.479939,1.516241E-14
5412.434556,1.509515E-14
5415.389173,1.500789E-14
5418.34379,1.494307E-14
5421.298407,1.487889E-14
5424.253023,1.487192E-14
5427.20764,1.486311E-14
5430.162257,1.473813E-14
5433.116874,1.463567E-14
5436.071491,1.461805E-14
5439.026107,1.454969E-14
5441.980724,1.444685E-14
5444.935341,1.431465E-14
5447.889958,1.425258E-14
5450.844574,1.430884E-14
5453.799191,1.426238E-14
5456.753808,1.411871E-14
5459.708425,1.409068E-14
5462.663042,1.408382E-14
5465.617658,1.399833E-14
5468.572275,1.391750E-14
5471.526892,1.378884E-14
5474.481509,1.368968E-14
5477.436126,1.367397E-14
5480.390742,1.362082E-14
5483.345359,1.359734E-14
5486.299976,1.356262E-14
5489.254593,1.353227E-14
5492.209209,1.351084E-14
5495.163826,1.338701E-14
5498.118443,1.334207E-14
5501.07306,1.326604E-14
5504.027677,1.313648E-14
5506.982293,1.312565E-14
5509.93691,1.314331E-14
5512.891527,1.315755E-14
5515.846144,1.315005E-14
5518.800761,1.310864E-14
5521.755377,1.305277E-14
5524.709994,1.300326E-14
5527.664611,1.298540E-14
5530.619228,1.298172E-14
5533.573844,1.292093E-14
5536.528461,1.287082E-14
5539.483078,1.281507E-14
5542.437695,1.276292E-14
5545.392312,1.277871E-14
5548.346928,1.272479E-14
5551.301545,1.263319E-14
5554.256162,1.251248E-14
5557.210779,1.237660E-14
5560.165395,1.235280E-14
5563.120012,1.236755E-14
5566.074629,1.234042E-14
5569.029246,1.233044E-14
5571.983863,1.230870E-14
5574.938479,1.220940E-14
5577.893096,1.212984E-14
5580.847713,1.216726E-14
5583.80233,1.212610E-14
5586.756947,1.207606E-14
5589.711563,1.212291E-14
5592.66618,1.208450E-14
5595.620797,1.210133E-14
5598.575414,1.211748E-14
5601.53003,1.202621E-14
5604.484647,1.198883E-14
5607.439264,1.200325E-14
5610.393881,1.198909E-14
5613.348498,1.193478E-14
5616.303114,1.188761E-14
5619.257731,1.188954E-14
5622.212348,1.193587E-14
5625.166965,1.193585E-14
5628.121582,1.189816E-14
5631.076198,1.186728E-14
5634.030815,1.181011E-14
5636.985432,1.176984E-14
5639.940049,1.176543E-14
5642.894665,1.174976E-14
5645.849282,1.176322E-14
5648.803899,1.177861E-14
5651.758516,1.172805E-14
5654.713133,1.174340E-14
5657.667749,1.171301E-14
5660.622366,1.162442E-14
5663.576983,1.155960E-14
5666.5316,1.155259E-14
5669.486217,1.159812E-14
5672.440833,1.160632E-14
5675.39545,1.157248E-14
5678.350067,1.148873E-14
5681.304684,1.141387E-14
5684.2593,1.140673E-14
5687.213917,1.142623E-14
5690.168534,1.149287E-14
5693.123151,1.151643E-14
5696.077768,1.147387E-14
5699.032384,1.144831E-14
5701.987001,1.142106E-14
5704.941618,1.141136E-14
5707.896235,1.142107E-14
5710.850852,1.140165E-14
5713.805468,1.139583E-14
5716.760085,1.141773E-14
5719.714702,1.141817E-14
5722.669319,1.144221E-14
5725.623935,1.136842E-14
5728.578552,1.134250E-14
5731.533169,1.137352E-14
5734.487786,1.137255E-14
5737.442403,1.138832E-14
5740.397019,1.136112E-14
5743.351636,1.130833E-14
5746.306253,1.130458E-14
5749.26087,1.130730E-14
5752.215487,1.128313E-14
5755.170103,1.122111E-14
5758.12472,1.119197E-14
5761.079337,1.120956E-14
5764.033954,1.118187E-14
5766.98857,1.114135E-14
5769.943187,1.111197E-14
5772.897804,1.102145E-14
5775.852421,1.088657E-14
5778.807038,1.087040E-14
5781.761654,1.083235E-14
5784.716271,1.075546E-14
5787.670888,1.076425E-14
5790.625505,1.072149E-14
5793.580122,1.071234E-14
5796.534738,1.076920E-14
5799.489355,1.074873E-14
5802.443972,1.068889E-14
5805.398589,1.062531E-14
5808.353205,1.056994E-14
5811.307822,1.054488E-14
5814.262439,1.056448E-14
5817.217056,1.058207E-14
5820.171673,1.054474E-14
5823.126289,1.055199E-14
5826.080906,1.049375E-14
5829.035523,1.034713E-14
5831.99014,1.032746E-14
5834.944757,1.037326E-14
5837.899373,1.036013E-14
5840.85399,1.035052E-14
5843.808607,1.035824E-14
5846.763224,1.032487E-14
5849.71784,1.026206E-14
5852.672457,1.021306E-14
5855.627074,1.018419E-14
5858.581691,1.018418E-14
5861.536308,1.018064E-14
5864.490924,1.011064E-14
5867.445541,1.000495E-14
5870.400158,9.942568E-15
5873.354775,9.926694E-15
5876.309391,9.877451E-15
5879.264008,9.880631E-15
5882.218625,9.875766E-15
5885.173242,9.797069E-15
5888.127859,9.720924E-15
5891.082475,9.624561E-15
5894.037092,9.576266E-15
5896.991709,9.595041E-15
5899.946326,9.574204E-15
5902.900943,9.627714E-15
5905.855559,9.710351E-15
5908.810176,9.697370E-15
5911.764793,9.673643E-15
5914.71941,9.719625E-15
5917.674026,9.749949E-15
5920.628643,9.778625E-15
5923.58326,9.746678E-15
5926.537877,9.690301E-15
5929.492494,9.708831E-15
5932.44711,9.732226E-15
5935.401727,9.673259E-15
5938.356344,9.649783E-15
5941.310961,9.693442E-15
5944.265578,9.706309E-15
5947.220194,9.713832E-15
5950.174811,9.666666E-15
5953.129428,9.554582E-15
5956.084045,9.553462E-15
5959.038661,9.592513E-15
5961.993278,9.602580E-15
5964.947895,9.611860E-15
5967.902512,9.583097E-15
5970.857129,9.598945E-15
5973.811745,9.630687E-15
5976.766362,9.569504E-15
5979.720979,9.589834E-15
5982.675596,9.645154E-15
5985.630213,9.662862E-15
5988.584829,9.641087E-15
5991.539446,9.591549E-15
5994.494063,9.584163E-15
5997.44868,9.610752E-15
6000.403296,9.661570E-15
6003.357913,9.636034E-15
6006.31253,9.573834E-15
6009.267147,9.516170E-15
6012.221764,9.478106E-15
6015.17638,9.497238E-15
6018.130997,9.504477E-15
6021.085614,9.523529E-15
6024.040231,9.570279E-15
6026.994848,9.544124E-15
6029.949464,9.520787E-15
6032.904081,9.553214E-15
6035.858698,9.540849E-15
6038.813315,9.547578E-15
6041.767931,9.542259E-15
6044.722548,9.448354E-15
6047.677165,9.413396E-15
6050.631782,9.457520E-15
6053.586399,9.458533E-15
6056.541015,9.458481E-15
6059.495632,9.440235E-15
6062.450249,9.400373E-15
6065.404866,9.426171E-15
6068.359483,9.427819E-15
6071.314099,9.415390E-15
6074.268716,9.416326E-15
6077.223333,9.377500E-15
6080.17795,9.403010E-15
6083.132566,9.464567E-15
6086.087183,9.407416E-15
6089.0418,9.353753E-15
6091.996417,9.286017E-15
6094.951034,9.210579E-15
6097.90565,9.266258E-15
6100.860267,9.360691E-15
6103.814884,9.359114E-15
6106.769501,9.292937E-15
6109.724118,9.323474E-15
6112.678734,9.386922E-15
6115.633351,9.337019E-15
6118.587968,9.337111E-15
6121.542585,9.332512E-15
6124.497201,9.311256E-15
6127.451818,9.392384E-15
6130.406435,9.487604E-15
6133.361052,9.497553E-15
6136.315669,9.508412E-15
6139.270285,9.454108E-15
6142.224902,9.426490E-15
6145.179519,9.484976E-15
6148.134136,9.621195E-15
6151.088753,9.693481E-15
6154.043369,9.712901E-15
6156.997986,9.707221E-15
6159.952603,9.683411E-15
6162.90722,9.683469E-15
6165.861836,9.667828E-15
6168.816453,9.676709E-15
6171.77107,9.737099E-15
6174.725687,9.810215E-15
6177.680304,9.857310E-15
6180.63492,9.829741E-15
6183.589537,9.852940E-15
6186.544154,9.933115E-15
6189.498771,9.969398E-15
6192.453387,9.953129E-15
6195.408004,9.964356E-15
6198.362621,9.922313E-15
6201.317238,9.887856E-15
6204.271855,9.935761E-15
6207.226471,9.993054E-15
6210.181088,9.992097E-15
6213.135705,1.001951E-14
6216.090322,1.004757E-14
6219.044939,1.005898E-14
6221.999555,1.005789E-14
6224.954172,1.002162E-14
6227.908789,1.003593E-14
6230.863406,1.010081E-14
6233.818022,1.015493E-14
6236.772639,1.016278E-14
6239.727256,1.010671E-14
6242.681873,1.007734E-14
6245.63649,1.012278E-14
6248.591106,1.011968E-14
6251.545723,1.016518E-14
6254.50034,1.021944E-14
6257.454957,1.021240E-14
6260.409574,1.020513E-14
6263.36419,1.020688E-14
6266.318807,1.019390E-14
6269.273424,1.016992E-14
6272.228041,1.012118E-14
6275.182657,1.010607E-14
6278.137274,1.012466E-14
6281.091891,1.006787E-14
6284.046508,1.005151E-14
6287.001125,1.009588E-14
6289.955741,1.012960E-14
6292.910358,1.016504E-14
6295.864975,1.019073E-14
6298.819592,1.027196E-14
6301.774209,1.035554E-14
6304.728825,1.031566E-14
6307.683442,1.025473E-14
6310.638059,1.029320E-14
6313.592676,1.035155E-14
6316.547292,1.035695E-14
6319.501909,1.045480E-14
6322.456526,1.044165E-14
6325.411143,1.035347E-14
6328.36576,1.034101E-14
6331.320376,1.035385E-14
6334.274993,1.039790E-14
6337.22961,1.039750E-14
6340.184227,1.034889E-14
6343.138844,1.038303E-14
6346.09346,1.044917E-14
6349.048077,1.046360E-14
6352.002694,1.044349E-14
6354.957311,1.041205E-14
6357.911927,1.038017E-14
6360.866544,1.036886E-14
6363.821161,1.035809E-14
6366.775778,1.030103E-14
6369.730395,1.035905E-14
6372.685011,1.036441E-14
6375.639628,1.031394E-14
6378.594245,1.035390E-14
6381.548862,1.036991E-14
6384.503479,1.031594E-14
6387.458095,1.027540E-14
6390.412712,1.023661E-14
6393.367329,1.024501E-14
6396.321946,1.027127E-14
6399.276562,1.028927E-14
6402.231179,1.029556E-14
6405.185796,1.026835E-14
6408.140413,1.022377E-14
6411.09503,1.017645E-14
6414.049646,1.016315E-14
6417.004263,1.013519E-14
6419.95888,1.008531E-14
6422.913497,1.013993E-14
6425.868114,1.009497E-14
6428.82273,1.002834E-14
6431.777347,1.006741E-14
6434.731964,1.008190E-14
6437.686581,1.006385E-14
6440.641197,1.013513E-14
6443.595814,1.011107E-14
6446.550431,9.988706E-15
6449.505048,9.986726E-15
6452.459665,9.999239E-15
6455.414281,9.961047E-15
6458.368898,9.939368E-15
6461.323515,9.913665E-15
6464.278132,9.901667E-15
6467.232749,9.878133E-15
6470.187365,9.849906E-15
6473.141982,9.891509E-15
6476.096599,9.926907E-15
6479.051216,9.921562E-15
6482.005832,9.899819E-15
6484.960449,9.896657E-15
6487.915066,9.954447E-15
6490.869683,9.961944E-15
6493.8243,9.896999E-15
6496.778916,9.857687E-15
6499.733533,9.855033E-15
6502.68815,9.886797E-15
6505.642767,9.881337E-15
6508.597383,9.849394E-15
6511.552,9.842412E-15
6514.506617,9.855352E-15
6517.461234,9.829351E-15
6520.415851,9.771004E-15
6523.370467,9.745651E-15
6526.325084,9.795345E-15
6529.279701,9.814633E-15
6532.234318,9.749297E-15
6535.188935,9.745225E-15
6538.143551,9.729197E-15
6541.098168,9.721074E-15
6544.052785,9.720903E-15
6547.007402,9.653385E-15
6549.962018,9.566676E-15
6552.916635,9.576816E-15
6555.871252,9.591440E-15
6558.825869,9.562512E-15
6561.780486,9.521613E-15
6564.735102,9.494035E-15
6567.689719,9.476994E-15
6570.644336,9.428038E-15
6573.598953,9.351423E-15
6576.55357,9.313979E-15
6579.508186,9.285090E-15
6582.462803,9.242878E-15
6585.41742,9.264081E-15
6588.372037,9.252408E-15
6591.326653,9.234351E-15
6594.28127,9.230115E-15
6597.235887,9.242686E-15
6600.190504,9.280575E-15
6603.145121,9.335758E-15
6606.099737,9.397942E-15
6609.054354,9.434405E-15
6612.008971,9.402065E-15
6614.963588,9.339267E-15
6617.918205,9.261702E-15
6620.872821,9.161627E-15
6623.827438,9.131243E-15
6626.782055,9.158994E-15
6629.736672,9.118369E-15
6632.691288,9.052899E-15
6635.645905,9.027308E-15
6638.600522,9.013237E-15
6641.555139,8.958720E-15
6644.509756,8.895336E-15
6647.464372,8.809858E-15
6650.418989,8.760466E-15
6653.373606,8.767547E-15
6656.328223,8.772069E-15
6659.28284,8.712112E-15
6662.237456,8.696599E-15
6665.192073,8.691656E-15
6668.14669,8.620026E-15
6671.101307,8.634434E-15
6674.055923,8.699251E-15
6677.01054,8.682073E-15
6679.965157,8.606691E-15
6682.919774,8.531373E-15
6685.874391,8.561237E-15
6688.829007,8.581542E-15
6691.783624,8.517131E-15
6694.738241,8.457744E-15
6697.692858,8.442509E-15
6700.647475,8.429973E-15
6703.602091,8.370868E-15
6706.556708,8.363021E-15
6709.511325,8.368172E-15
6712.465942,8.312360E-15
6715.420558,8.267404E-15
6718.375175,8.272798E-15
6721.329792,8.281036E-15
6724.284409,8.284623E-15
6727.239026,8.287696E-15
6730.193642,8.286931E-15
6733.148259,8.260274E-15
6736.102876,8.232687E-15
6739.057493,8.159115E-15
6742.01211,8.120092E-15
6744.966726,8.125129E-15
6747.921343,8.124257E-15
6750.87596,8.108826E-15
6753.830577,8.089352E-15
6756.785193,8.087350E-15
6759.73981,8.108570E-15
6762.694427,8.095420E-15
6765.649044,8.042123E-15
6768.603661,8.025761E-15
6771.558277,8.034362E-15
6774.512894,8.035561E-15
6777.467511,8.027457E-15
6780.422128,7.973746E-15
6783.376745,7.953655E-15
6786.331361,7.958214E-15
6789.285978,7.882528E-15
6792.240595,7.776609E-15
6795.195212,7.690423E-15
6798.149828,7.673027E-15
6801.104445,7.730295E-15
6804.059062,7.732960E-15
6807.013679,7.666077E-15
6809.968296,7.614137E-15
6812.922912,7.562279E-15
6815.877529,7.520186E-15
6818.832146,7.474522E-15
6821.786763,7.444239E-15
6824.741379,7.485891E-15
6827.695996,7.451029E-15
6830.650613,7.398397E-15
6833.60523,7.413719E-15
6836.559847,7.445876E-15
6839.514463,7.389231E-15
6842.46908,7.314844E-15
6845.423697,7.281638E-15
6848.378314,7.265808E-15
6851.332931,7.251821E-15
6854.287547,7.237527E-15
6857.242164,7.218638E-15
6860.196781,7.188318E-15
6863.151398,7.158776E-15
6866.106014,7.136614E-15
6869.060631,7.114843E-15
6872.015248,7.100947E-15
6874.969865,7.093062E-15
6877.924482,7.083370E-15
6880.879098,7.067280E-15
6883.833715,7.041945E-15
6886.788332,7.009722E-15
6889.742949,6.978175E-15
6892.697566,6.952504E-15
6895.652182,6.932450E-15
6898.606799,6.911692E-15
6901.561416,6.898420E-15
6904.516033,6.891568E-15
6907.470649,6.877507E-15
6910.425266,6.854867E-15
6913.379883,6.826402E-15
6916.3345,6.797659E-15
6919.289117,6.768916E-15
6922.243733,6.740090E-15
6925.19835,6.716306E-15
6928.152967,6.707878E-15
6931.107584,6.704897E-15
6934.062201,6.688769E-15
6937.016817,6.666142E-15
6939.971434,6.637189E-15
6942.926051,6.603548E-15
6945.880668,6.575702E-15
6948.835284,6.553800E-15
6951.789901,6.553124E-15
6954.744518,6.569603E-15
6957.699135,6.544588E-15
6960.653752,6.489900E-15
6963.608368,6.456116E-15
6966.562985,6.456762E-15
6969.517602,6.459613E-15
6972.472219,6.430703E-15
6975.426836,6.382803E-15
6978.381452,6.343924E-15
6981.336069,6.312209E-15
6984.290686,6.284948E-15
6987.245303,6.247734E-15
6990.199919,6.189771E-15
6993.154536,6.179972E-15
6996.109153,6.187797E-15
6999.06377,6.167180E-15
7002.018387,6.096780E-15
7004.973003,6.039812E-15
7007.92762,6.024821E-15
7010.882237,6.024332E-15
7013.836854,6.003961E-15
7016.791471,5.976297E-15
7019.746087,5.919198E-15
7022.700704,5.899888E-15
7025.655321,5.892259E-15
7028.609938,5.855440E-15
7031.564554,5.840553E-15
7034.519171,5.814753E-15
7037.473788,5.758376E-15
7040.428405,5.744256E-15
7043.383022,5.764900E-15
7046.337638,5.779406E-15
7049.292255,5.752205E-15
7052.246872,5.686164E-15
7055.201489,5.655733E-15
7058.156106,5.665407E-15
7061.110722,5.603683E-15
7064.065339,5.550586E-15
7067.019956,5.560665E-15
7069.974573,5.549222E-15
7072.929189,5.492313E-15
7075.883806,5.459670E-15
7078.838423,5.492698E-15
7081.79304,5.521181E-15
7084.747657,5.527452E-15
7087.702273,5.522301E-15
7090.65689,5.477060E-15
7093.611507,5.425471E-15
7096.566124,5.399239E-15
7099.520741,5.404359E-15
7102.475357,5.430995E-15
7105.429974,5.415683E-15
7108.384591,5.382987E-15
7111.339208,5.341739E-15
7114.293824,5.322117E-15
7117.248441,5.322549E-15
7120.203058,5.292347E-15
7123.157675,5.242030E-15
7126.112292,5.230552E-15
7129.066908,5.230508E-15
7132.021525,5.186301E-15
7134.976142,5.147673E-15
7137.930759,5.119939E-15
7140.885375,5.102548E-15
7143.839992,5.097140E-15
7146.794609,5.065578E-15
7149.749226,5.023735E-15
7152.703843,4.955543E-15
7155.658459,4.908057E-15
7158.613076,4.938423E-15
7161.567693,4.925231E-15
7164.52231,4.855341E-15
7167.476927,4.804262E-15
7170.431543,4.753212E-15
7173.38616,4.685737E-15
7176.340777,4.625973E-15
7179.295394,4.567463E-15
7182.25001,4.505019E-15
7185.204627,4.463509E-15
7188.159244,4.431795E-15
7191.113861,4.410720E-15
7194.068478,4.420731E-15
7197.023094,4.395767E-15
7199.977711,4.346121E-15
7202.932328,4.329805E-15
7205.886945,4.327162E-15
7208.841562,4.325634E-15
7211.796178,4.320741E-15
7214.750795,4.328793E-15
7217.705412,4.356162E-15
7220.660029,4.393274E-15
7223.614645,4.405730E-15
7226.569262,4.383904E-15
7229.523879,4.311535E-15
7232.478496,4.290728E-15
7235.433113,4.271585E-15
7238.387729,4.196545E-15
7241.342346,4.131441E-15
7244.296963,4.153257E-15
7247.25158,4.207806E-15
7250.206197,4.213208E-15
7253.160813,4.187985E-15
7256.11543,4.179023E-15
7259.070047,4.201938E-15
7262.024664,4.227220E-15
7264.97928,4.233953E-15
7267.933897,4.222765E-15
7270.888514,4.171764E-15
7273.843131,4.127861E-15
7276.797748,4.129998E-15
7279.752364,4.144098E-15
7282.706981,4.148520E-15
7285.661598,4.131937E-15
7288.616215,4.128815E-15
7291.570832,4.169138E-15
7294.525448,4.159735E-15
7297.480065,4.101586E-15
7300.434682,4.075501E-15
7303.389299,4.043885E-15
7306.343915,4.023746E-15
7309.298532,4.035615E-15
7312.253149,4.054447E-15
7315.207766,4.066637E-15
7318.162383,4.053178E-15
7321.116999,4.037267E-15
7324.071616,4.037801E-15
7327.026233,4.051767E-15
7329.98085,4.049967E-15
7332.935467,4.018447E-15
7335.890083,3.993418E-15
7338.8447,4.003501E-15
7341.799317,4.028529E-15
7344.753934,4.056466E-15
7347.70855,4.083629E-15
7350.663167,4.072371E-15
7353.617784,4.043601E-15
7356.572401,4.039789E-15
7359.527018,4.053620E-15
7362.481634,4.042406E-15
7365.436251,4.006692E-15
7368.390868,3.964412E-15
7371.345485,3.944640E-15
7374.300102,3.982682E-15
7377.254718,4.030132E-15
7380.209335,4.035774E-15
7383.163952,4.042228E-15
7386.118569,4.026150E-15
7389.073185,4.036544E-15
7392.027802,4.069538E-15
7394.982419,3.997872E-15
7397.937036,3.921140E-15
7400.891653,3.917358E-15
7403.846269,3.932586E-15
7406.800886,3.933705E-15
7409.755503,3.958907E-15
7412.71012,4.013496E-15
7415.664737,4.014476E-15
7418.619353,3.954356E-15
7421.57397,3.933303E-15
7424.528587,3.949774E-15
7427.483204,3.894530E-15
7430.43782,3.848616E-15
7433.392437,3.858642E-15
7436.347054,3.875819E-15
7439.301671,3.933111E-15
7442.256288,3.975623E-15
7445.210904,3.955972E-15
7448.165521,3.913675E-15
7451.120138,3.887460E-15
7454.074755,3.885481E-15
7457.029372,3.856236E-15
7459.983988,3.817542E-15
7462.938605,3.793782E-15
7465.893222,3.742497E-15
7468.847839,3.726223E-15
7471.802455,3.762713E-15
7474.757072,3.796864E-15
7477.711689,3.835206E-15
7480.666306,3.880263E-15
7483.620923,3.880550E-15
7486.575539,3.801334E-15
7489.530156,3.725145E-15
7492.484773,3.716902E-15
7495.43939,3.729457E-15
7498.394006,3.719071E-15
7501.348623,3.698218E-15
7504.30324,3.726009E-15
7507.257857,3.774445E-15
7510.212474,3.818020E-15
7513.16709,3.832661E-15
7516.121707,3.830715E-15
7519.076324,3.798252E-15
7522.030941,3.746874E-15
7524.985558,3.716980E-15
7527.940174,3.696083E-15
7530.894791,3.686323E-15
7533.849408,3.724671E-15
7536.804025,3.759685E-15
7539.758641,3.760828E-15
7542.713258,3.762360E-15
7545.667875,3.733929E-15
7548.622492,3.705130E-15
7551.577109,3.692738E-15
7554.531725,3.668832E-15
7557.486342,3.647908E-15
7560.440959,3.637317E-15
7563.395576,3.688795E-15
7566.350193,3.791714E-15
7569.304809,3.863065E-15
7572.259426,3.892610E-15
7575.214043,3.893050E-15
7578.16866,3.858528E-15
7581.123276,3.808444E-15
7584.077893,3.761825E-15
7587.03251,3.729271E-15
7589.987127,3.723959E-15
7592.941744,3.748515E-15
7595.89636,3.794738E-15
7598.850977,3.848761E-15
7601.805594,3.896907E-15
7604.760211,3.935096E-15
7607.714828,3.943225E-15
7610.669444,3.914196E-15
7613.624061,3.867964E-15
7616.578678,3.807047E-15
7619.533295,3.756792E-15
7622.487911,3.737140E-15
7625.442528,3.745670E-15
7628.397145,3.783011E-15
7631.351762,3.831367E-15
7634.306379,3.865744E-15
7637.260995,3.893800E-15
7640.215612,3.901250E-15
7643.170229,3.872707E-15
7646.124846,3.817813E-15
7649.079463,3.755675E-15
7652.034079,3.715205E-15
7654.988696,3.706460E-15
7657.943313,3.728534E-15
7660.89793,3.772154E-15
7663.852546,3.815759E-15
7666.807163,3.851044E-15
7669.76178,3.875746E-15
7672.716397,3.877215E-15
7675.671014,3.847554E-15
7678.62563,3.791893E-15
7681.580247,3.743250E-15
7684.534864,3.712584E-15
7687.489481,3.689606E-15
7690.444098,3.690481E-15
7693.398714,3.718426E-15
7696.353331,3.771150E-15
7699.307948,3.857825E-15
7702.262565,3.942583E-15
7705.217181,3.963418E-15
7708.171798,3.942863E-15
7711.126415,3.866669E-15
7714.081032,3.783698E-15
7717.035649,3.717988E-15
7719.990265,3.595289E-15
7722.944882,3.452686E-15
7725.899499,3.362329E-15
7728.854116,3.366293E-15
7731.808733,3.540322E-15
7734.763349,3.805033E-15
7737.717966,4.005210E-15
7740.672583,4.015213E-15
7743.6272,3.934528E-15
7746.581816,3.920801E-15
7749.536433,3.949450E-15
7752.49105,3.915622E-15
7755.445667,3.865733E-15
7758.400284,3.882727E-15
7761.3549,3.934258E-15
7764.309517,4.000420E-15
7767.264134,4.057465E-15
7770.218751,4.094091E-15
7773.173368,4.105750E-15
7776.127984,4.038503E-15
7779.082601,3.964947E-15
7782.037218,3.942222E-15
7784.991835,3.894833E-15
7787.946451,3.825512E-15
7790.901068,3.840907E-15
7793.855685,3.957033E-15
7796.810302,4.080271E-15
7799.764919,4.123917E-15
7802.719535,4.110315E-15
7805.674152,4.096814E-15
7808.628769,4.077299E-15
7811.583386,4.030461E-15
7814.538002,3.972384E-15
7817.492619,3.933289E-15
7820.447236,3.885989E-15
7823.401853,3.888049E-15
7826.35647,3.956983E-15
7829.311086,4.041913E-15
7832.265703,4.126588E-15
7835.22032,4.150616E-15
7838.174937,4.157422E-15
7841.129554,4.210447E-15
7844.08417,4.178787E-15
7847.038787,4.040925E-15
7849.993404,3.938996E-15
7852.948021,3.906500E-15
7855.902637,3.906528E-15
7858.857254,3.912630E-15
7861.811871,3.928684E-15
7864.766488,4.010350E-15
7867.721105,4.142450E-15
7870.675721,4.242010E-15
7873.630338,4.334537E-15
7876.584955,4.337615E-15
7879.539572,4.169114E-15
7882.494189,4.037163E-15
7885.448805,3.989862E-15
7888.403422,3.944625E-15
7891.358039,3.945129E-15
7894.312656,4.004537E-15
7897.267272,4.075494E-15
7900.221889,4.218695E-15
7903.176506,4.340355E-15
7906.131123,4.331544E-15
7909.08574,4.323642E-15
7912.040356,4.334886E-15
7914.994973,4.265449E-15
7917.94959,4.185476E-15
7920.904207,4.155934E-15
7923.858824,4.132834E-15
7926.81344,4.129574E-15
7929.768057,4.174434E-15
7932.722674,4.286069E-15
7935.677291,4.420718E-15
7938.631907,4.563778E-15
7941.586524,4.554009E-15
7944.541141,4.422076E-15
7947.495758,4.320543E-15
7950.450375,4.290803E-15
7953.404991,4.343305E-15
7956.359608,4.317255E-15
7959.314225,4.248270E-15
7962.268842,4.273542E-15
7965.223459,4.351360E-15
7968.178075,4.433037E-15
7971.132692,4.472208E-15
7974.087309,4.481222E-15
7977.041926,4.485501E-15
7979.996542,4.519754E-15
7982.951159,4.530459E-15
7985.905776,4.504248E-15
7988.860393,4.459631E-15
7991.81501,4.399036E-15
7994.769626,4.409333E-15
7997.724243,4.476921E-15
8000.67886,4.571577E-15
8003.633477,4.631631E-15
8006.588094,4.622973E-15
8009.54271,4.593008E-15
8012.497327,4.632195E-15
8015.451944,4.672470E-15
8018.406561,4.672466E-15
8021.361177,4.679535E-15
8024.315794,4.698270E-15
8027.270411,4.716890E-15
8030.225028,4.711943E-15
8033.179645,4.676596E-15
8036.134261,4.657193E-15
8039.088878,4.676982E-15
8042.043495,4.662819E-15
8044.998112,4.637429E-15
8047.952729,4.654540E-15
8050.907345,4.670559E-15
8053.861962,4.715678E-15
8056.816579,4.799350E-15
8059.771196,4.870553E-15
8062.725812,4.937499E-15
8065.680429,4.963543E-15
8068.635046,4.928802E-15
8071.589663,4.876549E-15
8074.54428,4.750542E-15
8077.498896,4.645554E-15
8080.453513,4.643330E-15
8083.40813,4.659610E-15
8086.362747,4.673666E-15
8089.317364,4.734577E-15
8092.27198,4.836032E-15
8095.226597,4.995899E-15
8098.181214,5.150331E-15
8101.135831,5.155307E-15
8104.090447,5.050185E-15
8107.045064,4.924961E-15
8109.999681,4.829061E-15
8112.954298,4.707811E-15
8115.908915,4.624425E-15
8118.863531,4.574575E-15
8121.818148,4.572537E-15
8124.772765,4.680519E-15
8127.727382,4.854947E-15
8130.681998,5.004158E-15
8133.636615,5.021612E-15
8136.591232,4.958073E-15
8139.545849,4.935598E-15
8142.500466,4.867594E-15
8145.455082,4.762207E-15
8148.409699,4.724388E-15
8151.364316,4.717788E-15
8154.318933,4.670450E-15
8157.27355,4.571409E-15
8160.228166,4.567295E-15
8163.182783,4.648975E-15
8166.1374,4.665543E-15
8169.092017,4.659488E-15
8172.046633,4.713211E-15
8175.00125,4.774232E-15
8177.955867,4.805382E-15
8180.910484,4.838565E-15
8183.865101,4.832503E-15
8186.819717,4.827087E-15
8189.774334,4.819825E-15
8192.728951,4.786006E-15
8195.683568,4.765418E-15
8198.638185,4.770009E-15
8201.592801,4.827090E-15
8204.547418,4.899364E-15
8207.502035,4.900665E-15
8210.456652,4.878649E-15
8213.411268,4.901727E-15
8216.365885,4.928540E-15
8219.320502,4.944942E-15
8222.275119,4.977343E-15
8225.229736,5.032996E-15
8228.184352,5.084152E-15
8231.138969,5.082270E-15
8234.093586,5.046005E-15
8237.048203,4.977962E-15
8240.00282,4.949196E-15
8242.957436,4.943394E-15
8245.912053,4.892096E-15
8248.86667,4.864808E-15
8251.821287,4.914291E-15
8254.775903,5.000287E-15
8257.73052,5.085097E-15
8260.685137,5.206109E-15
8263.639754,5.329730E-15
8266.594371,5.421378E-15
8269.548987,5.519190E-15
8272.503604,5.590508E-15
8275.458221,5.546703E-15
8278.412838,5.366208E-15
8281.367455,5.147157E-15
8284.322071,5.043950E-15
8287.276688,5.023258E-15
8290.231305,4.969157E-15
8293.185922,4.992316E-15
8296.140538,5.128856E-15
8299.095155,5.291132E-15
8302.049772,5.433328E-15
8305.004389,5.522211E-15
8307.959006,5.550819E-15
8310.913622,5.529845E-15
8313.868239,5.478655E-15
8316.822856,5.444720E-15
8319.777473,5.421389E-15
8322.73209,5.296479E-15
8325.686706,5.175182E-15
8328.641323,5.217786E-15
8331.59594,5.300925E-15
8334.550557,5.305492E-15
8337.505173,5.312632E-15
8340.45979,5.384115E-15
8343.414407,5.437063E-15
8346.369024,5.469569E-15
8349.323641,5.530376E-15
8352.278257,5.553405E-15
8355.232874,5.527090E-15
8358.187491,5.550878E-15
8361.142108,5.625052E-15
8364.096725,5.694948E-15
8367.051341,5.719784E-15
8370.005958,5.664832E-15
8372.960575,5.640331E-15
8375.915192,5.573924E-15
8378.869808,5.397285E-15
8381.824425,5.313058E-15
8384.779042,5.401294E-15
8387.733659,5.520469E-15
8390.688276,5.586095E-15
8393.642892,5.667630E-15
8396.597509,5.770310E-15
8399.552126,5.888670E-15
8402.506743,5.984071E-15
8405.46136,5.959487E-15
8408.415976,5.884016E-15
8411.370593,5.808994E-15
8414.32521,5.762596E-15
8417.279827,5.744488E-15
8420.234443,5.594161E-15
8423.18906,5.394314E-15
8426.143677,5.346332E-15
8429.098294,5.453282E-15
8432.052911,5.641782E-15
8435.007527,5.801476E-15
8437.962144,5.911923E-15
8440.916761,6.027851E-15
8443.871378,6.080820E-15
8446.825994,6.167031E-15
8449.780611,6.169356E-15
8452.735228,5.995865E-15
8455.689845,5.791605E-15
8458.644462,5.654001E-15
8461.599078,5.613065E-15
8464.553695,5.571616E-15
8467.508312,5.511566E-15
8470.462929,5.576294E-15
8473.417546,5.692695E-15
8476.372162,5.706134E-15
8479.326779,5.749476E-15
8482.281396,5.856308E-15
8485.236013,5.925056E-15
8488.190629,5.880482E-15
8491.145246,5.780072E-15
8494.099863,5.789061E-15
8497.05448,5.847703E-15
8500.009097,5.790768E-15
8502.963713,5.674779E-15
8505.91833,5.637195E-15
8508.872947,5.649653E-15
8511.827564,5.599391E-15
8514.782181,5.538059E-15
8517.736797,5.577183E-15
8520.691414,5.605744E-15
8523.646031,5.581487E-15
8526.600648,5.590225E-15
8529.555264,5.561383E-15
8532.509881,5.589846E-15
8535.464498,5.774294E-15
8538.419115,5.881183E-15
8541.373732,5.829584E-15
8544.328348,5.792138E-15
8547.282965,5.797324E-15
8550.237582,5.731111E-15
8553.192199,5.589265E-15
8556.146816,5.491941E-15
8559.101432,5.431717E-15
8562.056049,5.352277E-15
8565.010666,5.279791E-15
8567.965283,5.269040E-15
8570.919899,5.288248E-15
8573.874516,5.334788E-15
8576.829133,5.436415E-15
8579.78375,5.558250E-15
8582.738367,5.641952E-15
8585.692983,5.670689E-15
8588.6476,5.686375E-15
8591.602217,5.675601E-15
8594.556834,5.616789E-15
8597.511451,5.495329E-15
8600.466067,5.342996E-15
8603.420684,5.161277E-15
8606.375301,5.010812E-15
8609.329918,4.930986E-15
8612.284534,4.949787E-15
8615.239151,5.070570E-15
8618.193768,5.189793E-15
8621.148385,5.318668E-15
8624.103002,5.487234E-15
8627.057618,5.554441E-15
8630.012235,5.484488E-15
8632.966852,5.443469E-15
8635.921469,5.407947E-15
8638.876086,5.287790E-15
8641.830702,5.120294E-15
8644.785319,5.004655E-15
8647.739936,4.979034E-15
8650.694553,4.948585E-15
8653.649169,4.904587E-15
8656.603786,4.924389E-15
8659.558403,4.959883E-15
8662.51302,5.029594E-15
8665.467637,5.119848E-15
8668.422253,5.207651E-15
8671.37687,5.242054E-15
8674.331487,5.245828E-15
8677.286104,5.247901E-15
8680.240721,5.188469E-15
8683.195337,5.092049E-15
8686.149954,5.044952E-15
8689.104571,4.975794E-15
8692.059188,4.862219E-15
8695.013804,4.795853E-15
8697.968421,4.807618E-15
8700.923038,4.844665E-15
8703.877655,4.818075E-15
8706.832272,4.836649E-15
8709.786888,4.884936E-15
8712.741505,4.916967E-15
8715.696122,4.939523E-15
8718.650739,4.980652E-15
8721.605356,4.982735E-15
8724.559972,4.963287E-15
8727.514589,4.974037E-15
8730.469206,4.922944E-15
8733.423823,4.845341E-15
8736.378439,4.840553E-15
8739.333056,4.857101E-15
8742.287673,4.815519E-15
8745.24229,4.803480E-15
8748.196907,4.806506E-15
8751.151523,4.763515E-15
8754.10614,4.726925E-15
8757.060757,4.701895E-15
8760.015374,4.714300E-15
8762.96999,4.865437E-15
8765.924607,5.041825E-15
8768.879224,5.142788E-15
8771.833841,5.191155E-15
8774.788458,5.104206E-15
8777.743074,4.992215E-15
8780.697691,4.977082E-15
8783.652308,4.987156E-15
8786.606925,4.915614E-15
8789.561542,4.728466E-15
8792.516158,4.533638E-15
8795.470775,4.483509E-15
8798.425392,4.536501E-15
8801.380009,4.599005E-15
8804.334625,4.674732E-15
8807.289242,4.730415E-15
8810.243859,4.870659E-15
8813.198476,5.080810E-15
8816.153093,5.131467E-15
8819.107709,5.013868E-15
8822.062326,4.990300E-15
8825.016943,5.035816E-15
8827.97156,4.946096E-15
8830.926177,4.756301E-15
8833.880793,4.620043E-15
8836.83541,4.541537E-15
8839.790027,4.465821E-15
8842.744644,4.445825E-15
8845.69926,4.537218E-15
8848.653877,4.676164E-15
8851.608494,4.794406E-15
8854.563111,4.882899E-15
8857.517728,4.972778E-15
8860.472344,5.052103E-15
8863.426961,5.081817E-15
8866.381578,5.058258E-15
8869.336195,4.991747E-15
8872.290812,4.877306E-15
8875.245428,4.711980E-15
8878.200045,4.531153E-15
8881.154662,4.401473E-15
8884.109279,4.373263E-15
8887.063895,4.363558E-15
8890.018512,4.346163E-15
8892.973129,4.431526E-15
8895.927746,4.552714E-15
8898.882363,4.641154E-15
8901.836979,4.770097E-15
8904.791596,4.945121E-15
8907.746213,5.019064E-15
8910.70083,4.979301E-15
8913.655447,4.880752E-15
8916.610063,4.682949E-15
8919.56468,4.537617E-15
8922.519297,4.549456E-15
8925.473914,4.516264E-15
8928.42853,4.437948E-15
8931.383147,4.403716E-15
8934.337764,4.336785E-15
8937.292381,4.304112E-15
8940.246998,4.340084E-15
8943.201614,4.449744E-15
8946.156231,4.480643E-15
8949.110848,4.445107E-15
8952.065465,4.491913E-15
8955.020082,4.506221E-15
8957.974698,4.415007E-15
8960.929315,4.363976E-15
8963.883932,4.421647E-15
8966.838549,4.408281E-15
8969.793165,4.318817E-15
8972.747782,4.192329E-15
8975.702399,4.165398E-15
8978.657016,4.196827E-15
8981.611633,4.118257E-15
8984.566249,4.046135E-15
8987.520866,4.078030E-15
8990.475483,4.100880E-15
8993.4301,4.091975E-15
8996.384717,4.196016E-15
8999.339333,4.335702E-15
9002.29395,4.414664E-15
9005.248567,4.439899E-15
9008.203184,4.350878E-15
9011.1578,4.183732E-15
9014.112417,4.046821E-15
9017.067034,3.883027E-15
9020.021651,3.726417E-15
9022.976268,3.693763E-15
9025.930884,3.715452E-15
9028.885501,3.800952E-15
9031.840118,3.968354E-15
9034.794735,4.153881E-15
9037.749352,4.379204E-15
9040.703968,4.616616E-15
9043.658585,4.821535E-15
9046.613202,4.982309E-15
9049.567819,5.006107E-15
9052.522435,4.819742E-15
9055.477052,4.607567E-15
9058.431669,4.446778E-15
9061.386286,4.247380E-15
9064.340903,4.088826E-15
9067.295519,3.948946E-15
9070.250136,3.791760E-15
9073.204753,3.762263E-15
9076.15937,3.895622E-15
9079.113986,4.080328E-15
9082.068603,4.239520E-15
9085.02322,4.374663E-15
9087.977837,4.510062E-15
9090.932454,4.601099E-15
9093.88707,4.633683E-15
9096.841687,4.603483E-15
9099.796304,4.443606E-15
9102.750921,4.234435E-15
9105.705538,4.100035E-15
9108.660154,4.027698E-15
9111.614771,3.939752E-15
9114.569388,3.800707E-15
9117.524005,3.767147E-15
9120.478621,3.863734E-15
9123.433238,4.004960E-15
9126.387855,4.129350E-15
9129.342472,4.231351E-15
9132.297089,4.421474E-15
9135.251705,4.596494E-15
9138.206322,4.589622E-15
9141.160939,4.529023E-15
9144.115556,4.484794E-15
9147.070173,4.349774E-15
9150.024789,4.134976E-15
9152.979406,3.878377E-15
9155.934023,3.656177E-15
9158.88864,3.623266E-15
9161.843256,3.674030E-15
9164.797873,3.664562E-15
9167.75249,3.754769E-15
9170.707107,3.993582E-15
9173.661724,4.255712E-15
9176.61634,4.460166E-15
9179.570957,4.578854E-15
9182.525574,4.686106E-15
9185.480191,4.663960E-15
9188.434808,4.482092E-15
9191.389424,4.303436E-15
9194.344041,4.107260E-15
9197.298658,3.978316E-15
9200.253275,3.900359E-15
9203.207891,3.808108E-15
9206.162508,3.806546E-15
9209.117125,3.968478E-15
9212.071742,4.132005E-15
9215.026359,4.221033E-15
9217.980975,4.354747E-15
9220.935592,4.564212E-15
9223.890209,4.781623E-15
9226.844826,4.892961E-15
9229.799443,4.776589E-15
9232.754059,4.497625E-15
9235.708676,4.269284E-15
9238.663293,4.161632E-15
9241.61791,4.038742E-15
9244.572526,3.911314E-15
9247.527143,3.857834E-15
9250.48176,3.805679E-15
9253.436377,3.767752E-15
9256.390994,3.918094E-15
9259.34561,4.201065E-15
9262.300227,4.486643E-15
9265.254844,4.702367E-15
9268.209461,4.745176E-15
9271.164078,4.676023E-15
9274.118694,4.609592E-15
9277.073311,4.462803E-15
9280.027928,4.192354E-15
9282.982545,3.874485E-15
9285.937161,3.574745E-15
9288.891778,3.337122E-15
9291.846395,3.270833E-15
9294.801012,3.370397E-15
9297.755629,3.438751E-15
9300.710245,3.512084E-15
9303.664862,3.655032E-15
9306.619479,3.746021E-15
9309.574096,3.833716E-15
9312.528713,3.773026E-15
9315.483329,3.556754E-15
9318.437946,3.389573E-15
9321.392563,3.193175E-15
9324.34718,3.048353E-15
9327.301796,2.841802E-15
9330.256413,2.546035E-15
9333.21103,2.409383E-15
9336.165647,2.390838E-15
9339.120264,2.333163E-15
9342.07488,2.359340E-15
9345.029497,2.561290E-15
9347.984114,2.755614E-15
9350.938731,2.794053E-15
9353.893348,2.909134E-15
9356.847964,3.171719E-15
9359.802581,3.290262E-15
9362.757198,3.199026E-15
9365.711815,3.025506E-15
9368.666431,2.818968E-15
9371.621048,2.646959E-15
9374.575665,2.551543E-15
9377.530282,2.484258E-15
9380.484899,2.463691E-15
9383.439515,2.619853E-15
9386.394132,2.905492E-15
9389.348749,3.099293E-15
9392.303366,3.252787E-15
9395.257982,3.460915E-15
9398.212599,3.605455E-15
9401.167216,3.677736E-15
9404.121833,3.721272E-15
9407.07645,3.643482E-15
9410.031066,3.482009E-15
9412.985683,3.276265E-15
9415.9403,3.012461E-15
9418.894917,2.892895E-15
9421.849534,2.724020E-15
9424.80415,2.429069E-15
9427.758767,2.309317E-15
9430.713384,2.279058E-15
9433.668001,2.263835E-15
9436.622617,2.495363E-15
9439.577234,2.846235E-15
9442.531851,2.965322E-15
9445.486468,2.945240E-15
9448.441085,2.953493E-15
9451.395701,2.974651E-15
9454.350318,3.107238E-15
9457.304935,3.083811E-15
9460.259552,2.731441E-15
9463.214169,2.499303E-15
9466.168785,2.382858E-15
9469.123402,2.217823E-15
9472.078019,2.206720E-15
9475.032636,2.322974E-15
9477.987252,2.430253E-15
9480.941869,2.506136E-15
9483.896486,2.634738E-15
9486.851103,2.857469E-15
9489.80572,3.113585E-15
9492.760336,3.223527E-15
9495.714953,3.127113E-15
9498.66957,2.999792E-15
9501.624187,2.930391E-15
9504.578804,2.824867E-15
9507.53342,2.659920E-15
9510.488037,2.507493E-15
9513.442654,2.403706E-15
9516.397271,2.284151E-15
9519.351887,2.205837E-15
9522.306504,2.337410E-15
9525.261121,2.533240E-15
9528.215738,2.666208E-15
9531.170355,2.920144E-15
9534.124971,3.215426E-15
9537.079588,3.312479E-15
9540.034205,3.287949E-15
9542.988822,3.264689E-15
9545.943439,3.206627E-15
9548.898055,3.047762E-15
9551.852672,2.762796E-15
9554.807289,2.428108E-15
9557.761906,2.266110E-15
9560.716522,2.305645E-15
9563.671139,2.288505E-15
9566.625756,2.309103E-15
9569.580373,2.472860E-15
9572.53499,2.612415E-15
9575.489606,2.755652E-15
9578.444223,2.982500E-15
9581.39884,3.081769E-15
9584.353457,3.108991E-15
9587.308074,3.183602E-15
9590.26269,3.137569E-15
9593.217307,3.025789E-15
9596.171924,2.926627E-15
9599.126541,2.706181E-15
9602.081157,2.449269E-15
9605.035774,2.382420E-15
9607.990391,2.428856E-15
9610.945008,2.474816E-15
9613.899625,2.498980E-15
9616.854241,2.574120E-15
9619.808858,2.817113E-15
9622.763475,3.101919E-15
9625.718092,3.255130E-15
9628.672709,3.364230E-15
9631.627325,3.406023E-15
9634.581942,3.341096E-15
9637.536559,3.167474E-15
9640.491176,2.865591E-15
9643.445792,2.615074E-15
9646.400409,2.465586E-15
9649.355026,2.303746E-15
9652.309643,2.142640E-15
9655.26426,2.179855E-15
9658.218876,2.408954E-15
9661.173493,2.596899E-15
9664.12811,2.782075E-15
9667.082727,2.974864E-15
9670.037344,3.026259E-15
9672.99196,3.158421E-15
9675.946577,3.457242E-15
9678.901194,3.692705E-15
9681.855811,3.680834E-15
9684.810427,3.479194E-15
9687.765044,3.221135E-15
9690.719661,2.788503E-15
9693.674278,2.432925E-15
9696.628895,2.275506E-15
9699.583511,2.163148E-15
9702.538128,2.184121E-15
9705.492745,2.333982E-15
9708.447362,2.442103E-15
9711.401978,2.493710E-15
9714.356595,2.609883E-15
9717.311212,2.818371E-15
9720.265829,2.972833E-15
9723.220446,3.090246E-15
9726.175062,3.253353E-15
9729.129679,3.303916E-15
9732.084296,3.140707E-15
9735.038913,2.909298E-15
9737.99353,2.713839E-15
9740.948146,2.550894E-15
9743.902763,2.401438E-15
9746.85738,2.233605E-15
9749.811997,2.098157E-15
9752.766613,2.037277E-15
9755.72123,2.048812E-15
9758.675847,2.136035E-15
9761.630464,2.222141E-15
9764.585081,2.533875E-15
9767.539697,3.032844E-15
9770.494314,3.200176E-15
9773.448931,3.000159E-15
9776.403548,2.841367E-15
9779.358165,2.777992E-15
9782.312781,2.750603E-15
9785.267398,2.728716E-15
9788.222015,2.531312E-15
9791.176632,2.271679E-15
9794.131248,2.124324E-15
9797.085865,2.058042E-15
9800.040482,2.062245E-15
9802.995099,2.114118E-15
9805.949716,2.183691E-15
9808.904332,2.295956E-15
9811.858949,2.356630E-15
9814.813566,2.377185E-15
9817.768183,2.581968E-15
9820.7228,2.870922E-15
9823.677416,3.043685E-15
9826.632033,3.101158E-15
9829.58665,3.009698E-15
9832.541267,2.813015E-15
9835.495883,2.712216E-15
9838.4505,2.630820E-15
9841.405117,2.403303E-15
9844.359734,2.309611E-15
9847.314351,2.451171E-15
9850.268967,2.561415E-15
9853.223584,2.564161E-15
9856.178201,2.559030E-15
9859.132818,2.661588E-15
9862.087435,2.812926E-15
9865.042051,2.954393E-15
9867.996668,3.154175E-15
9870.951285,3.357279E-15
9873.905902,3.547792E-15
9876.860518,3.764989E-15
9879.815135,3.824043E-15
9882.769752,3.618672E-15
9885.724369,3.364755E-15
9888.678986,3.252923E-15
9891.633602,3.216409E-15
9894.588219,3.101057E-15
9897.542836,2.921260E-15
9900.497453,2.821590E-15
9903.45207,2.919474E-15
9906.406686,3.194069E-15
9909.361303,3.443172E-15
9912.31592,3.505718E-15
9915.270537,3.485655E-15
9918.225153,3.651704E-15
9921.17977,3.954440E-15
9924.134387,4.100235E-15
9927.089004,4.106042E-15
9930.043621,4.100098E-15
9932.998237,4.082822E-15
9935.952854,4.061069E-15
9938.907471,3.997257E-15
9941.862088,3.917046E-15
9944.816705,3.950140E-15
9947.771321,3.999313E-15
9950.725938,3.942047E-15
9953.680555,3.872863E-15
9956.635172,3.882462E-15
9959.589788,4.000943E-15
9962.544405,4.155583E-15
9965.499022,4.360953E-15
9968.453639,4.615405E-15
9971.408256,4.674658E-15
9974.362872,4.688844E-15
9977.317489,4.788084E-15
9980.272106,4.731990E-15
9983.226723,4.717806E-15
9986.18134,4.846823E-15
9989.135956,4.723469E-15
9992.090573,4.526084E-15
9995.04519,4.499651E-15
9997.999807,4.506495E-15
10000.95442,4.449830E-15
10003.90904,4.387884E-15
10006.86366,4.388626E-15
10009.81827,4.424030E-15
10012.77289,4.530534E-15
10015.72751,4.678263E-15
10018.68212,4.766789E-15
10021.63674,4.832995E-15
10024.59136,4.968791E-15
10027.54597,5.130853E-15
10030.50059,5.245518E-15
10033.45521,5.369120E-15
10036.40982,5.441775E-15
10039.36444,5.361290E-15
10042.31906,5.263012E-15
10045.27368,5.222032E-15
10048.22829,5.161195E-15
10051.18291,5.105200E-15
10054.13753,5.070772E-15
10057.09214,5.019909E-15
10060.04676,4.960733E-15
10063.00138,5.069718E-15
10065.95599,5.240889E-15
10068.91061,5.290681E-15
10071.86523,5.335604E-15
10074.81984,5.379573E-15
10077.77446,5.426947E-15
10080.72908,5.508806E-15
10083.68369,5.520360E-15
10086.63831,5.502351E-15
10089.59293,5.536046E-15
10092.54754,5.515551E-15
10095.50216,5.455484E-15
10098.45678,5.367226E-15
10101.41139,5.225255E-15
10104.36601,5.221230E-15
10107.32063,5.237253E-15
10110.27524,5.146518E-15
10113.22986,5.217720E-15
10116.18448,5.296208E-15
10119.13909,5.284520E-15
10122.09371,5.425348E-15
10125.04833,5.572751E-15
10128.00295,5.543859E-15
10130.95756,5.495575E-15
10133.91218,5.534406E-15
10136.8668,5.583253E-15
10139.82141,5.600571E-15
10142.77603,5.586905E-15
10145.73065,5.427108E-15
10148.68526,5.304933E-15
10151.63988,5.364341E-15
10154.5945,5.412567E-15
10157.54911,5.347779E-15
10160.50373,5.293019E-15
10163.45835,5.350356E-15
10166.41296,5.462425E-15
10169.36758,5.545902E-15
10172.3222,5.670263E-15
10175.27681,5.828731E-15
10178.23143,5.855071E-15
10181.18605,5.808941E-15
10184.14066,5.799793E-15
10187.09528,5.714106E-15
10190.0499,5.609885E-15
10193.00451,5.661216E-15
10195.95913,5.754323E-15
10198.91375,5.689108E-15
10201.86836,5.517914E-15
10204.82298,5.495494E-15
10207.7776,5.646029E-15