wavelength,flux
3003.669131,-2.157793E-16
3007.432904,-4.265458E-16
3011.196677,4.227212E-16
3014.96045,7.253174E-16
3018.724223,4.146823E-16
3022.487996,9.001023E-17
3026.251769,-4.332122E-16
3030.015542,-4.591323E-16
3033.779315,1.433491E-16
3037.543088,7.766818E-16
3041.306861,4.071995E-16
3045.070634,-8.643087E-17
3048.834407,1.241520E-17
3052.59818,4.148227E-16
3056.361953,4.989679E-16
3060.125726,1.220777E-16
3063.8895,-1.063271E-16
3067.653273,-1.526840E-16
3071.417046,2.547767E-16
3075.180819,-6.017773E-17
3078.944592,1.746573E-17
3082.708365,6.210555E-17
3086.472138,2.156060E-16
3090.235911,-8.421477E-17
3093.999684,-2.847697E-17
3097.763457,1.254044E-18
3101.52723,1.983487E-17
3105.291003,7.151857E-17
3109.054776,4.077215E-16
3112.818549,3.362983E-16
3116.582322,2.151645E-16
3120.346095,1.761388E-16
3124.109868,2.592480E-16
3127.873641,-5.128768E-17
3131.637414,7.151620E-17
3135.401187,1.222053E-16
3139.16496,1.989031E-16
3142.928734,2.324386E-16
3146.692507,5.515488E-17
3150.45628,1.712673E-16
3154.220053,1.496609E-16
3157.983826,8.503040E-17
3161.747599,1.287431E-16
3165.511372,2.530459E-16
3169.275145,2.370687E-16
3173.038918,1.282825E-16
3176.802691,1.690099E-16
3180.566464,1.902774E-16
3184.330237,3.293783E-16
3188.09401,3.126240E-16
3191.857783,2.469581E-16
3195.621556,2.704286E-16
3199.385329,4.402948E-16
3203.149102,3.873841E-16
3206.912875,6.201758E-16
3210.676648,6.000231E-16
3214.440421,4.106611E-16
3218.204194,3.706940E-16
3221.967967,1.648927E-16
3225.731741,3.160241E-16
3229.495514,4.153436E-16
3233.259287,4.284997E-16
3237.02306,3.030766E-16
3240.786833,3.360951E-16
3244.550606,3.329633E-16
3248.314379,3.877165E-16
3252.078152,3.283648E-16
3255.841925,2.833010E-16
3259.605698,3.543463E-16
3263.369471,3.981882E-16
3267.133244,5.231948E-16
3270.897017,3.927261E-16
3274.66079,3.884660E-16
3278.424563,3.683115E-16
3282.188336,3.652694E-16
3285.952109,4.145994E-16
3289.715882,4.070691E-16
3293.479655,6.240272E-16
3297.243428,4.058458E-16
3301.007201,3.941236E-16
3304.770975,3.630125E-16
3308.534748,3.196358E-16
3312.298521,4.081319E-16
3316.062294,3.311766E-16
3319.826067,3.136124E-16
3323.58984,3.824690E-16
3327.353613,3.513692E-16
3331.117386,3.713830E-16
3334.881159,4.255630E-16
3338.644932,3.496786E-16
3342.408705,2.566799E-16
3346.172478,2.391771E-16
3349.936251,2.705130E-16
3353.700024,2.549820E-16
3357.463797,2.861928E-16
3361.22757,3.756915E-16
3364.991343,3.303499E-16
3368.755116,3.611140E-16
3372.518889,2.874944E-16
3376.282662,2.880602E-16
3380.046435,3.315579E-16
3383.810209,2.723034E-16
3387.573982,2.866441E-16
3391.337755,3.708494E-16
3395.101528,4.007275E-16
3398.865301,4.079658E-16
3402.629074,3.830503E-16
3406.392847,2.885492E-16
3410.15662,2.816552E-16
3413.920393,3.444645E-16
3417.684166,3.805249E-16
3421.447939,3.758110E-16
3425.211712,4.281384E-16
3428.975485,3.780011E-16
3432.739258,3.381729E-16
3436.503031,3.757070E-16
3440.266804,9.400664E-16
3444.030577,8.186571E-16
3447.79435,4.956116E-16
3451.558123,5.915308E-16
3455.321896,4.388236E-16
3459.085669,3.162577E-16
3462.849443,2.929970E-16
3466.613216,3.117418E-16
3470.376989,3.044796E-16
3474.140762,3.227579E-16
3477.904535,3.017769E-16
3481.668308,3.316188E-16
3485.432081,3.639979E-16
3489.195854,3.317434E-16
3492.959627,3.486223E-16
3496.7234,3.977791E-16
3500.487173,3.442188E-16
3504.250946,4.002356E-16
3508.014719,4.123259E-16
3511.778492,3.318192E-16
3515.542265,3.492705E-16
3519.306038,3.365446E-16
3523.069811,3.240685E-16
3526.833584,3.561642E-16
3530.597357,3.857296E-16
3534.36113,3.323653E-16
3538.124903,3.437914E-16
3541.888677,3.897800E-16
3545.65245,3.573417E-16
3549.416223,3.509428E-16
3553.179996,3.164708E-16
3556.943769,3.504559E-16
3560.707542,3.962759E-16
3564.471315,3.233888E-16
3568.235088,3.165191E-16
3571.998861,3.504233E-16
3575.762634,3.230687E-16
3579.526407,3.444818E-16
3583.29018,3.665457E-16
3587.053953,3.341570E-16
3590.817726,3.858170E-16
3594.581499,4.105157E-16
3598.345272,3.708983E-16
3602.109045,3.892071E-16
3605.872818,4.001163E-16
3609.636591,3.735182E-16
3613.400364,4.001164E-16
3617.164137,3.756548E-16
3620.927911,3.856832E-16
3624.691684,4.117200E-16
3628.455457,3.825950E-16
3632.21923,3.816053E-16
3635.983003,3.759880E-16
3639.746776,4.092517E-16
3643.510549,4.585728E-16
3647.274322,4.598626E-16
3651.038095,4.237485E-16
3654.801868,4.694356E-16
3658.565641,5.187430E-16
3662.329414,4.744242E-16
3666.093187,4.603418E-16
3669.85696,4.544374E-16
3673.620733,4.468132E-16
3677.384506,4.557004E-16
3681.148279,4.913671E-16
3684.912052,5.286627E-16
3688.675825,4.949357E-16
3692.439598,5.070680E-16
3696.203371,4.769059E-16
3699.967144,5.345812E-16
3703.730918,5.770405E-16
3707.494691,5.582737E-16
3711.258464,5.676698E-16
3715.022237,5.440282E-16
3718.78601,5.493536E-16
3722.549783,5.468092E-16
3726.313556,5.636403E-16
3730.077329,5.803076E-16
3733.841102,5.965119E-16
3737.604875,6.114803E-16
3741.368648,6.527687E-16
3745.132421,6.614203E-16
3748.896194,6.727874E-16
3752.659967,7.608652E-16
3756.42374,8.876114E-16
3760.187513,9.204925E-16
3763.951286,8.990448E-16
3767.715059,7.568174E-16
3771.478832,6.799883E-16
3775.242605,7.014642E-16
3779.006378,6.405990E-16
3782.770152,6.397429E-16
3786.533925,6.370143E-16
3790.297698,6.944144E-16
3794.061471,7.067344E-16
3797.825244,6.305183E-16
3801.589017,6.609195E-16
3805.35279,6.838265E-16
3809.116563,6.685753E-16
3812.880336,5.968695E-16
3816.644109,6.285846E-16
3820.407882,6.807814E-16
3824.171655,6.576207E-16
3827.935428,6.735313E-16
3831.699201,6.791318E-16
3835.462974,6.709498E-16
3839.226747,6.955244E-16
3842.99052,7.716789E-16
3846.754293,7.444625E-16
3850.518066,7.256569E-16
3854.281839,7.541014E-16
3858.045612,7.513028E-16
3861.809386,7.620680E-16
3865.573159,7.572835E-16
3869.336932,7.285643E-16
3873.100705,7.410256E-16
3876.864478,8.029360E-16
3880.628251,7.774041E-16
3884.392024,8.256679E-16
3888.155797,7.986341E-16
3891.91957,8.414479E-16
3895.683343,8.606837E-16
3899.447116,8.927073E-16
3903.210889,9.093261E-16
3906.974662,9.034465E-16
3910.738435,8.609149E-16
3914.502208,9.004401E-16
3918.265981,9.735556E-16
3922.029754,9.734469E-16
3925.793527,9.598817E-16
3929.5573,1.011126E-15
3933.321073,9.905578E-16
3937.084846,9.481927E-16
3940.84862,1.003121E-15
3944.612393,1.032201E-15
3948.376166,1.060427E-15
3952.139939,1.022425E-15
3955.903712,1.062053E-15
3959.667485,1.047625E-15
3963.431258,9.962327E-16
3967.195031,1.025421E-15
3970.958804,1.041658E-15
3974.722577,1.071329E-15
3978.48635,1.087605E-15
3982.250123,1.048416E-15
3986.013896,1.094013E-15
3989.777669,1.063820E-15
3993.541442,1.079295E-15
3997.305215,1.104454E-15
4001.068988,1.026445E-15
4004.832761,1.126607E-15
4008.596534,1.091613E-15
4012.360307,1.045559E-15
4016.12408,1.056042E-15
4019.887854,1.078992E-15
4023.651627,1.070291E-15
4027.4154,1.079388E-15
4031.179173,1.044969E-15
4034.942946,1.153531E-15
4038.706719,1.083114E-15
4042.470492,1.045950E-15
4046.234265,1.066325E-15
4049.998038,1.023759E-15
4053.761811,1.028805E-15
4057.525584,1.066459E-15
4061.289357,1.021583E-15
4065.05313,1.009514E-15
4068.816903,1.036640E-15
4072.580676,1.007316E-15
4076.344449,1.009411E-15
4080.108222,1.019239E-15
4083.871995,9.661045E-16
4087.635768,9.878357E-16
4091.399541,9.931197E-16
4095.163314,9.516260E-16
4098.927088,9.601312E-16
4102.690861,1.006041E-15
4106.454634,9.907210E-16
4110.218407,9.551084E-16
4113.98218,9.252221E-16
4117.745953,1.008817E-15
4121.509726,1.041382E-15
4125.273499,9.793978E-16
4129.037272,9.670672E-16
4132.801045,1.004940E-15
4136.564818,9.875584E-16
4140.328591,9.800923E-16
4144.092364,1.003113E-15
4147.856137,9.897425E-16
4151.61991,9.456515E-16
4155.383683,9.571966E-16
4159.147456,9.787206E-16
4162.911229,9.267493E-16
4166.675002,9.445073E-16
4170.438775,1.009963E-15
4174.202548,9.311272E-16
4177.966321,9.077952E-16
4181.730095,9.442880E-16
4185.493868,9.308204E-16
4189.257641,9.828065E-16
4193.021414,9.480693E-16
4196.785187,9.446540E-16
4200.54896,9.945958E-16
4204.312733,9.623710E-16
4208.076506,9.398325E-16
4211.840279,9.452408E-16
4215.604052,9.570875E-16
4219.367825,9.635872E-16
4223.131598,9.310102E-16
4226.895371,9.398398E-16
4230.659144,9.632336E-16
4234.422917,9.399099E-16
4238.18669,9.495400E-16
4241.950463,9.331157E-16
4245.714236,9.303418E-16
4249.478009,9.495158E-16
4253.241782,9.304972E-16
4257.005555,9.288160E-16
4260.769329,9.316483E-16
4264.533102,9.272044E-16
4268.296875,8.750609E-16
4272.060648,8.580234E-16
4275.824421,9.171161E-16
4279.588194,9.229656E-16
4283.351967,9.038324E-16
4287.11574,9.246802E-16
4290.879513,9.156903E-16
4294.643286,8.968071E-16
4298.407059,9.376532E-16
4302.170832,9.193428E-16
4305.934605,9.038801E-16
4309.698378,9.078890E-16
4313.462151,9.386035E-16
4317.225924,9.420790E-16
4320.989697,9.798022E-16
4324.75347,9.384426E-16
4328.517243,9.277572E-16
4332.281016,9.318368E-16
4336.044789,9.067609E-16
4339.808563,9.318007E-16
4343.572336,9.673347E-16
4347.336109,9.489004E-16
4351.099882,9.605567E-16
4354.863655,9.715619E-16
4358.627428,9.918050E-16
4362.391201,9.825088E-16
4366.154974,9.822729E-16
4369.918747,1.006725E-15
4373.68252,1.020653E-15
4377.446293,9.747228E-16
4381.210066,1.016466E-15
4384.973839,1.054641E-15
4388.737612,1.042041E-15
4392.501385,1.007669E-15
4396.265158,1.003556E-15
4400.028931,1.003449E-15
4403.792704,1.033095E-15
4407.556477,1.059312E-15
4411.32025,1.055585E-15
4415.084023,1.019460E-15
4418.847797,1.030682E-15
4422.61157,1.060542E-15
4426.375343,1.028203E-15
4430.139116,1.031400E-15
4433.902889,1.098147E-15
4437.666662,1.101725E-15
4441.430435,1.069450E-15
4445.194208,1.095055E-15
4448.957981,1.154814E-15
4452.721754,1.137227E-15
4456.485527,1.110843E-15
4460.2493,1.175825E-15
4464.013073,1.128935E-15
4467.776846,1.142739E-15
4471.540619,1.184488E-15
4475.304392,1.237763E-15
4479.068165,1.256104E-15
4482.831938,1.215180E-15
4486.595711,1.210523E-15
4490.359484,1.248367E-15
4494.123257,1.274259E-15
4497.887031,1.305964E-15
4501.650804,1.297398E-15
4505.414577,1.316743E-15
4509.17835,1.301525E-15
4512.942123,1.327129E-15
4516.705896,1.361974E-15
4520.469669,1.366222E-15
4524.233442,1.361798E-15
4527.997215,1.440586E-15
4531.760988,1.412783E-15
4535.524761,1.384577E-15
4539.288534,1.430956E-15
4543.052307,1.409159E-15
4546.81608,1.444295E-15
4550.579853,1.476116E-15
4554.343626,1.478587E-15
4558.107399,1.500062E-15
4561.871172,1.478611E-15
4565.634945,1.508405E-15
4569.398718,1.484408E-15
4573.162491,1.449605E-15
4576.926264,1.509499E-15
4580.690038,1.503789E-15
4584.453811,1.540197E-15
4588.217584,1.510440E-15
4591.981357,1.492012E-15
4595.74513,1.475348E-15
4599.508903,1.451434E-15
4603.272676,1.480145E-15
4607.036449,1.494231E-15
4610.800222,1.492549E-15
4614.563995,1.414308E-15
4618.327768,1.420627E-15
4622.091541,1.475161E-15
4625.855314,1.453041E-15
4629.619087,1.395325E-15
4633.38286,1.402746E-15
4637.146633,1.429646E-15
4640.910406,1.375007E-15
4644.674179,1.373149E-15
4648.437952,1.349280E-15
4652.201725,1.343988E-15
4655.965498,1.301552E-15
4659.729272,1.279690E-15
4663.493045,1.303136E-15
4667.256818,1.256553E-15
4671.020591,1.241698E-15
4674.784364,1.243294E-15
4678.548137,1.200427E-15
4682.31191,1.223803E-15
4686.075683,1.191636E-15
4689.839456,1.151272E-15
4693.603229,1.194307E-15
4697.367002,1.204857E-15
4701.130775,1.166689E-15
4704.894548,1.120235E-15
4708.658321,1.109477E-15
4712.422094,1.127983E-15
4716.185867,1.144850E-15
4719.94964,1.108401E-15
4723.713413,1.112673E-15
4727.477186,1.125478E-15
4731.240959,1.047800E-15
4735.004732,1.078073E-15
4738.768506,1.038099E-15
4742.532279,1.019645E-15
4746.296052,1.014018E-15
4750.059825,1.044928E-15
4753.823598,1.058769E-15
4757.587371,1.039681E-15
4761.351144,1.047555E-15
4765.114917,1.038724E-15
4768.87869,1.012788E-15
4772.642463,1.012016E-15
4776.406236,1.041069E-15
4780.170009,1.045385E-15
4783.933782,1.028242E-15
4787.697555,1.065158E-15
4791.461328,1.092797E-15
4795.225101,1.085458E-15
4798.988874,1.026464E-15
4802.752647,9.944020E-16
4806.51642,1.003888E-15
4810.280193,1.025500E-15
4814.043966,1.067790E-15
4817.80774,1.075958E-15
4821.571513,1.054896E-15
4825.335286,1.053019E-15
4829.099059,1.099823E-15
4832.862832,1.126466E-15
4836.626605,1.090973E-15
4840.390378,1.107233E-15
4844.154151,1.110221E-15
4847.917924,1.116028E-15
4851.681697,1.088496E-15
4855.44547,1.105826E-15
4859.209243,1.109368E-15
4862.973016,1.134926E-15
4866.736789,1.109319E-15
4870.500562,1.110592E-15
4874.264335,1.096712E-15
4878.028108,1.089685E-15
4881.791881,1.106609E-15
4885.555654,1.129163E-15
4889.319427,1.130580E-15
4893.0832,1.203307E-15
4896.846974,1.209440E-15
4900.610747,1.232060E-15
4904.37452,1.228362E-15
4908.138293,1.182096E-15
4911.902066,1.152523E-15
4915.665839,1.161952E-15
4919.429612,1.153506E-15
4923.193385,1.164857E-15
4926.957158,1.133754E-15
4930.720931,1.142754E-15
4934.484704,1.162742E-15
4938.248477,1.192969E-15
4942.01225,1.204887E-15
4945.776023,1.171509E-15
4949.539796,1.153709E-15
4953.303569,1.203175E-15
4957.067342,1.204878E-15
4960.831115,1.183700E-15
4964.594888,1.196908E-15
4968.358661,1.202798E-15
4972.122434,1.220820E-15
4975.886208,1.184253E-15
4979.649981,1.172876E-15
4983.413754,1.194408E-15
4987.177527,1.199806E-15
4990.9413,1.237757E-15
4994.705073,1.259167E-15
4998.468846,1.278930E-15
5002.232619,1.340623E-15
5005.996392,1.340852E-15
5009.760165,1.245901E-15
5013.523938,1.204985E-15
5017.287711,1.179612E-15
5021.051484,1.185940E-15
5024.815257,1.207004E-15
5028.57903,1.236775E-15
5032.342803,1.246242E-15
5036.106576,1.299610E-15
5039.870349,1.336779E-15
5043.634122,1.326094E-15
5047.397895,1.363816E-15
5051.161668,1.292904E-15
5054.925441,1.202276E-15
5058.689215,1.228447E-15
5062.452988,1.240934E-15
5066.216761,1.208062E-15
5069.980534,1.214869E-15
5073.744307,1.196887E-15
5077.50808,1.181719E-15
5081.271853,1.196261E-15
5085.035626,1.200953E-15
5088.799399,1.219874E-15
5092.563172,1.189464E-15
5096.326945,1.204218E-15
5100.090718,1.208685E-15
5103.854491,1.202044E-15
5107.618264,1.199802E-15
5111.382037,1.219350E-15
5115.14581,1.212532E-15
5118.909583,1.217108E-15
5122.673356,1.246666E-15
5126.437129,1.259193E-15
5130.200902,1.287733E-15
5133.964675,1.280287E-15
5137.728449,1.283948E-15
5141.492222,1.259060E-15
5145.255995,1.293074E-15
5149.019768,1.315824E-15
5152.783541,1.297074E-15
5156.547314,1.317452E-15
5160.311087,1.343516E-15
5164.07486,1.388800E-15
5167.838633,1.364394E-15
5171.602406,1.317747E-15
5175.366179,1.356531E-15
5179.129952,1.375313E-15
5182.893725,1.429902E-15
5186.657498,1.421468E-15
5190.421271,1.448409E-15
5194.185044,1.519782E-15
5197.948817,1.486537E-15
5201.71259,1.483247E-15
5205.476363,1.491926E-15
5209.240136,1.544532E-15
5213.003909,1.541626E-15
5216.767683,1.595020E-15
5220.531456,1.561063E-15
5224.295229,1.569282E-15
5228.059002,1.578516E-15
5231.822775,1.585490E-15
5235.586548,1.610278E-15
5239.350321,1.622404E-15
5243.114094,1.626658E-15
5246.877867,1.632050E-15
5250.64164,1.652295E-15
5254.405413,1.646750E-15
5258.169186,1.684672E-15
5261.932959,1.681420E-15
5265.696732,1.672754E-15
5269.460505,1.668677E-15
5273.224278,1.682887E-15
5276.988051,1.684051E-15
5280.751824,1.656987E-15
5284.515597,1.693421E-15
5288.27937,1.762744E-15
5292.043143,1.763390E-15
5295.806917,1.733804E-15
5299.57069,1.734905E-15
5303.334463,1.773622E-15
5307.098236,1.767555E-15
5310.862009,1.765381E-15
5314.625782,1.758379E-15
5318.389555,1.754144E-15
5322.153328,1.732660E-15
5325.917101,1.721347E-15
5329.680874,1.739015E-15
5333.444647,1.728081E-15
5337.20842,1.757621E-15
5340.972193,1.763863E-15
5344.735966,1.754473E-15
5348.499739,1.777594E-15
5352.263512,1.738828E-15
5356.027285,1.734100E-15
5359.791058,1.746582E-15
5363.554831,1.733200E-15
5367.318604,1.762217E-15
5371.082377,1.704010E-15
5374.846151,1.747908E-15
5378.609924,1.737453E-15
5382.373697,1.679276E-15
5386.13747,1.719331E-15
5389.901243,1.728475E-15
5393.665016,1.700390E-15
5397.428789,1.706795E-15
5401.192562,1.678817E-15
5404.956335,1.682217E-15
5408.720108,1.695664E-15
5412.483881,1.651065E-15
5416.247654,1.613628E-15
5420.011427,1.625564E-15
5423.7752,1.664866E-15
5427.538973,1.643625E-15
5431.302746,1.607848E-15
5435.066519,1.638678E-15
5438.830292,1.657898E-15
5442.594065,1.639205E-15
5446.357838,1.646672E-15
5450.121611,1.654438E-15
5453.885385,1.685011E-15
5457.649158,1.656399E-15
5461.412931,1.635956E-15
5465.176704,1.637935E-15
5468.940477,1.622368E-15
5472.70425,1.598531E-15
5476.468023,1.613028E-15
5480.231796,1.593757E-15
5483.995569,1.565178E-15
5487.759342,1.561751E-15
5491.523115,1.556702E-15
5495.286888,1.576779E-15
5499.050661,1.564761E-15
5502.814434,1.539725E-15
5506.578207,1.539424E-15
5510.34198,1.498265E-15
5514.105753,1.499023E-15
5517.869526,1.470492E-15
5521.633299,1.432599E-15
5525.397072,1.412158E-15
5529.160845,1.394260E-15
5532.924618,1.433892E-15
5536.688392,1.347266E-15
5540.452165,1.383850E-15
5544.215938,1.355139E-15
5547.979711,1.329696E-15
5551.743484,1.336639E-15
5555.507257,1.275969E-15
5559.27103,1.288834E-15
5563.034803,1.263112E-15
5566.798576,1.242456E-15
5570.562349,1.186747E-15
5574.326122,1.168672E-15
5578.089895,1.191485E-15
5581.853668,1.262349E-15
5585.617441,1.161929E-15
5589.381214,1.106980E-15
5593.144987,1.115412E-15
5596.90876,1.088692E-15
5600.672533,1.082190E-15
5604.436306,1.070044E-15
5608.200079,1.069206E-15
5611.963852,1.039142E-15
5615.727626,1.037871E-15
5619.491399,1.061369E-15
5623.255172,1.033471E-15
5627.018945,9.985219E-16
5630.782718,9.963529E-16
5634.546491,9.778859E-16
5638.310264,9.132303E-16
5642.074037,9.231787E-16
5645.83781,9.181856E-16
5649.601583,9.041085E-16
5653.365356,8.939188E-16
5657.129129,8.462360E-16
5660.892902,8.492325E-16
5664.656675,8.192068E-16
5668.420448,8.149752E-16
5672.184221,8.137941E-16
5675.947994,8.269836E-16
5679.711767,7.964775E-16
5683.47554,7.629258E-16
5687.239313,7.938186E-16
5691.003086,7.982387E-16
5694.76686,7.711710E-16
5698.530633,7.792069E-16
5702.294406,8.015789E-16
5706.058179,8.024137E-16
5709.821952,7.335981E-16
5713.585725,8.009780E-16
5717.349498,7.951661E-16
5721.113271,7.836924E-16
5724.877044,7.839481E-16
5728.640817,7.565780E-16
5732.40459,7.705225E-16
5736.168363,7.504943E-16
5739.932136,7.298184E-16
5743.695909,7.834112E-16
5747.459682,7.848156E-16
5751.223455,7.747901E-16
5754.987228,7.823856E-16
5758.751001,7.923385E-16
5762.514774,7.935338E-16
5766.278547,8.101691E-16
5770.04232,7.964128E-16
5773.806094,8.098045E-16
5777.569867,8.199452E-16
5781.33364,8.053590E-16
5785.097413,8.131731E-16
5788.861186,8.501623E-16
5792.624959,9.181510E-16
5796.388732,9.040018E-16
5800.152505,8.550485E-16
5803.916278,8.831311E-16
5807.680051,9.291669E-16
5811.443824,9.095637E-16
5815.207597,9.177281E-16
5818.97137,9.572980E-16
5822.735143,9.501037E-16
5826.498916,9.531146E-16
5830.262689,9.538505E-16
5834.026462,9.631611E-16
5837.790235,1.028215E-15
5841.554008,1.008032E-15
5845.317781,1.023207E-15
5849.081554,1.023209E-15
5852.845328,1.016059E-15
5856.609101,1.067168E-15
5860.372874,1.040741E-15
5864.136647,1.058439E-15
5867.90042,1.096140E-15
5871.664193,1.108569E-15
5875.427966,1.107006E-15
5879.191739,1.120391E-15
5882.955512,1.071562E-15
5886.719285,1.079732E-15
5890.483058,1.100741E-15
5894.246831,1.121529E-15
5898.010604,1.119577E-15
5901.774377,1.149459E-15
5905.53815,1.156670E-15
5909.301923,1.178583E-15
5913.065696,1.211613E-15
5916.829469,1.206727E-15
5920.593242,1.179557E-15
5924.357015,1.214041E-15
5928.120788,1.213281E-15
5931.884561,1.222296E-15
5935.648335,1.277028E-15
5939.412108,1.216546E-15
5943.175881,1.201579E-15
5946.939654,1.250910E-15
5950.703427,1.258243E-15
5954.4672,1.221494E-15
5958.230973,1.236495E-15
5961.994746,1.239868E-15
5965.758519,1.211995E-15
5969.522292,1.216752E-15
5973.286065,1.235650E-15
5977.049838,1.210683E-15
5980.813611,1.172762E-15
5984.577384,1.191140E-15
5988.341157,1.206824E-15
5992.10493,1.190868E-15
5995.868703,1.125898E-15
5999.632476,1.085404E-15
6003.396249,1.123756E-15
6007.160022,1.145133E-15
6010.923795,1.118760E-15
6014.687569,1.088298E-15
6018.451342,1.116429E-15
6022.215115,1.056494E-15
6025.978888,1.049377E-15
6029.742661,1.076582E-15
6033.506434,1.072854E-15
6037.270207,1.077456E-15
6041.03398,1.069786E-15
6044.797753,1.065636E-15
6048.561526,1.039765E-15
6052.325299,1.004583E-15
6056.089072,1.003568E-15
6059.852845,1.068914E-15
6063.616618,1.068054E-15
6067.380391,1.036232E-15
6071.144164,1.035944E-15
6074.907937,1.061868E-15
6078.67171,1.062946E-15
6082.435483,1.049061E-15
6086.199256,1.030953E-15
6089.963029,1.045500E-15
6093.726803,1.014613E-15
6097.490576,1.003067E-15
6101.254349,1.023915E-15
6105.018122,1.021713E-15
6108.781895,1.017105E-15
6112.545668,1.007574E-15
6116.309441,1.000936E-15
6120.073214,9.934198E-16
6123.836987,9.801908E-16
6127.60076,1.007289E-15
6131.364533,1.006625E-15
6135.128306,9.624473E-16
6138.892079,9.927108E-16
6142.655852,1.025406E-15
6146.419625,1.035251E-15
6150.183398,1.041320E-15
6153.947171,1.064013E-15
6157.710944,1.035240E-15
6161.474717,1.002157E-15
6165.23849,1.028828E-15
6169.002263,9.988012E-16
6172.766037,1.034425E-15
6176.52981,1.038910E-15
6180.293583,1.057614E-15
6184.057356,1.054977E-15
6187.821129,1.035252E-15
6191.584902,1.075501E-15
6195.348675,1.089262E-15
6199.112448,1.083982E-15
6202.876221,1.057068E-15
6206.639994,1.081567E-15
6210.403767,1.110330E-15
6214.16754,1.110575E-15
6217.931313,1.079835E-15
6221.695086,1.084725E-15
6225.458859,1.048664E-15
6229.222632,1.087484E-15
6232.986405,1.104857E-15
6236.750178,1.130588E-15
6240.513951,1.123329E-15
6244.277724,1.154522E-15
6248.041497,1.141083E-15
6251.805271,1.135788E-15
6255.569044,1.143969E-15
6259.332817,1.157550E-15
6263.09659,1.201954E-15
6266.860363,1.191515E-15
6270.624136,1.182150E-15
6274.387909,1.158120E-15
6278.151682,1.160219E-15
6281.915455,1.167943E-15
6285.679228,1.169111E-15
6289.443001,1.237515E-15
6293.206774,1.255014E-15
6296.970547,1.266780E-15
6300.73432,1.255003E-15
6304.498093,1.243376E-15
6308.261866,1.222981E-15
6312.025639,1.260126E-15
6315.789412,1.263145E-15
6319.553185,1.245376E-15
6323.316958,1.248948E-15
6327.080731,1.246041E-15
6330.844505,1.292085E-15
6334.608278,1.291412E-15
6338.372051,1.276869E-15
6342.135824,1.301189E-15
6345.899597,1.326430E-15
6349.66337,1.338855E-15
6353.427143,1.358614E-15
6357.190916,1.369527E-15
6360.954689,1.318282E-15
6364.718462,1.374325E-15
6368.482235,1.405757E-15
6372.246008,1.375622E-15
6376.009781,1.388976E-15
6379.773554,1.378385E-15
6383.537327,1.391681E-15
6387.3011,1.375155E-15
6391.064873,1.381431E-15
6394.828646,1.382175E-15
6398.592419,1.389864E-15
6402.356192,1.391790E-15
6406.119965,1.419495E-15
6409.883738,1.353854E-15
6413.647512,1.361592E-15
6417.411285,1.360910E-15
6421.175058,1.355432E-15
6424.938831,1.369038E-15
6428.702604,1.357677E-15
6432.466377,1.319483E-15
6436.23015,1.331220E-15
6439.993923,1.362805E-15
6443.757696,1.372349E-15
6447.521469,1.356178E-15
6451.285242,1.351140E-15
6455.049015,1.308965E-15
6458.812788,1.326402E-15
6462.576561,1.311169E-15
6466.340334,1.268406E-15
6470.104107,1.271132E-15
6473.86788,1.281898E-15
6477.631653,1.259695E-15
6481.395426,1.233434E-15
6485.159199,1.230742E-15
6488.922972,1.238650E-15
6492.686746,1.237346E-15
6496.450519,1.227902E-15
6500.214292,1.214461E-15
6503.978065,1.209743E-15
6507.741838,1.233083E-15
6511.505611,1.212377E-15
6515.269384,1.214247E-15
6519.033157,1.221889E-15
6522.79693,1.182470E-15
6526.560703,1.152167E-15
6530.324476,1.157066E-15
6534.088249,1.139505E-15
6537.852022,1.152180E-15
6541.615795,1.161717E-15
6545.379568,1.113518E-15
6549.143341,1.120714E-15
6552.907114,1.119949E-15
6556.670887,1.125169E-15
6560.43466,1.073826E-15
6564.198433,1.072434E-15
6567.962206,1.082717E-15
6571.72598,1.057119E-15
6575.489753,1.083730E-15
6579.253526,1.086615E-15
6583.017299,1.053782E-15
6586.781072,1.030664E-15
6590.544845,1.031575E-15
6594.308618,1.014005E-15
6598.072391,9.818483E-16
6601.836164,9.792148E-16
6605.599937,1.037952E-15
6609.36371,1.045581E-15
6613.127483,1.065299E-15
6616.891256,1.200620E-15
6620.655029,1.241674E-15
6624.418802,1.118131E-15
6628.182575,9.989538E-16
6631.946348,9.478306E-16
6635.710121,9.363852E-16
6639.473894,9.089840E-16
6643.237667,9.081846E-16
6647.00144,9.103674E-16
6650.765214,8.776118E-16
6654.528987,8.623755E-16
6658.29276,8.633602E-16
6662.056533,8.493174E-16
6665.820306,8.509169E-16
6669.584079,8.321695E-16
6673.347852,8.253231E-16
6677.111625,8.179875E-16
6680.875398,8.000200E-16
6684.639171,7.944903E-16
6688.402944,8.154888E-16
6692.166717,8.099640E-16
6695.93049,7.932881E-16
6699.694263,7.770922E-16
6703.458036,7.860481E-16
6707.221809,7.636783E-16
6710.985582,7.492516E-16
6714.749355,7.778471E-16
6718.513128,7.379511E-16
6722.276901,7.249370E-16
6726.040674,7.429461E-16
6729.804448,7.307211E-16
6733.568221,6.918012E-16
6737.331994,7.062365E-16
6741.095767,7.227787E-16
6744.85954,7.143566E-16
6748.623313,6.918667E-16
6752.387086,7.213579E-16
6756.150859,7.076634E-16
6759.914632,6.943055E-16
6763.678405,6.927226E-16
6767.442178,6.781674E-16
6771.205951,7.052960E-16
6774.969724,7.260483E-16
6778.733497,7.281415E-16
6782.49727,6.582723E-16
6786.261043,6.336005E-16
6790.024816,6.657764E-16
6793.788589,6.493082E-16
6797.552362,6.360733E-16
6801.316135,6.231930E-16
6805.079908,6.246968E-16
6808.843682,6.126409E-16
6812.607455,5.880178E-16
6816.371228,6.096187E-16
6820.135001,5.885256E-16
6823.898774,5.924855E-16
6827.662547,5.866326E-16
6831.42632,6.092659E-16
6835.190093,5.792643E-16
6838.953866,5.873289E-16
6842.717639,5.767537E-16
6846.481412,5.824481E-16
6850.245185,6.082241E-16
6854.008958,5.977203E-16
6857.772731,5.850851E-16
6861.536504,5.656750E-16
6865.300277,5.354750E-16
6869.06405,4.989037E-16
6872.827823,4.720216E-16
6876.591596,5.071429E-16
6880.355369,5.368668E-16
6884.119142,5.501034E-16
6887.882915,5.412363E-16
6891.646689,5.512823E-16
6895.410462,5.425358E-16
6899.174235,5.453448E-16
6902.938008,5.536191E-16
6906.701781,5.503562E-16
6910.465554,5.807689E-16
6914.229327,5.959117E-16
6917.9931,6.130497E-16
6921.756873,6.298236E-16
6925.520646,6.108583E-16
6929.284419,6.027267E-16
6933.048192,6.086835E-16
6936.811965,6.370211E-16
6940.575738,6.402679E-16
6944.339511,6.579424E-16
6948.103284,6.616090E-16
6951.867057,6.888507E-16
6955.63083,7.082569E-16
6959.394603,6.877302E-16
6963.158376,6.922257E-16
6966.922149,7.238997E-16
6970.685923,7.411649E-16
6974.449696,7.213775E-16
6978.213469,7.154778E-16
6981.977242,7.295623E-16
6985.741015,7.408512E-16
6989.504788,7.237960E-16
6993.268561,7.307791E-16
6997.032334,7.259697E-16
7000.796107,7.229138E-16
7004.55988,7.637358E-16
7008.323653,7.507292E-16
7012.087426,7.405746E-16
7015.851199,7.762748E-16
7019.614972,7.509911E-16
7023.378745,7.799270E-16
7027.142518,8.178266E-16
7030.906291,8.130822E-16
7034.670064,8.214508E-16
7038.433837,8.176451E-16
7042.19761,8.277263E-16
7045.961383,8.239553E-16
7049.725157,8.214142E-16
7053.48893,8.336657E-16
7057.252703,8.563296E-16
7061.016476,8.680624E-16
7064.780249,8.800457E-16
7068.544022,8.957327E-16
7072.307795,9.358753E-16
7076.071568,9.150117E-16
7079.835341,9.236705E-16
7083.599114,9.314584E-16
7087.362887,9.167054E-16
7091.12666,9.414206E-16
7094.890433,9.372558E-16
7098.654206,9.624480E-16
7102.417979,9.745121E-16
7106.181752,9.879513E-16
7109.945525,9.928334E-16
7113.709298,9.876763E-16
7117.473071,1.032890E-15
7121.236844,9.861550E-16
7125.000617,9.476839E-16
7128.764391,9.318795E-16
7132.528164,9.407310E-16
7136.291937,9.906587E-16
7140.05571,9.569797E-16
7143.819483,9.310727E-16
7147.583256,9.536749E-16
7151.347029,9.568065E-16
7155.110802,9.425109E-16
7158.874575,9.257006E-16
7162.638348,9.202151E-16
7166.402121,9.285770E-16
7170.165894,8.636694E-16
7173.929667,8.537990E-16
7177.69344,8.931002E-16
7181.457213,8.542570E-16
7185.220986,8.351389E-16
7188.984759,8.379444E-16
7192.748532,8.212221E-16
7196.512305,8.516557E-16
7200.276078,8.673956E-16
7204.039851,8.672163E-16
7207.803625,9.022212E-16
7211.567398,9.261549E-16
7215.331171,9.216328E-16
7219.094944,9.356254E-16
7222.858717,9.452059E-16
7226.62249,9.224006E-16
7230.386263,9.230832E-16
7234.150036,9.417068E-16
7237.913809,9.406817E-16
7241.677582,9.313433E-16
7245.441355,9.583331E-16
7249.205128,9.371570E-16
7252.968901,9.361341E-16
7256.732674,9.437289E-16
7260.496447,9.570527E-16
7264.26022,9.852125E-16
7268.023993,9.690107E-16
7271.787766,9.971646E-16
7275.551539,9.912454E-16
7279.315312,9.370451E-16
7283.079085,9.778236E-16
7286.842859,9.820301E-16
7290.606632,9.235461E-16
7294.370405,9.575478E-16
7298.134178,9.623463E-16
7301.897951,9.660872E-16
7305.661724,9.534980E-16
7309.425497,9.598337E-16
7313.18927,9.905090E-16
7316.953043,9.806531E-16
7320.716816,9.878241E-16
7324.480589,1.015219E-15
7328.244362,9.912176E-16
7332.008135,9.926339E-16
7335.771908,9.984795E-16
7339.535681,9.721758E-16
7343.299454,9.816677E-16
7347.063227,1.001750E-15
7350.827,9.322757E-16
7354.590773,9.315462E-16
7358.354546,9.217860E-16
7362.118319,9.212740E-16
7365.882092,9.593762E-16
7369.645866,9.564201E-16
7373.409639,9.478691E-16
7377.173412,9.682446E-16
7380.937185,9.322690E-16
7384.700958,9.244469E-16
7388.464731,9.352261E-16
7392.228504,9.208141E-16
7395.992277,9.105057E-16
7399.75605,9.391603E-16
7403.519823,9.061674E-16
7407.283596,9.101276E-16
7411.047369,9.224921E-16
7414.811142,8.915249E-16
7418.574915,9.005480E-16
7422.338688,8.532073E-16
7426.102461,8.663080E-16
7429.866234,8.791490E-16
7433.630007,8.562031E-16
7437.39378,8.745892E-16
7441.157553,8.419870E-16
7444.921326,8.351541E-16
7448.6851,8.194656E-16
7452.448873,7.882255E-16
7456.212646,7.890290E-16
7459.976419,8.121315E-16
7463.740192,7.789822E-16
7467.503965,7.996310E-16
7471.267738,7.829476E-16
7475.031511,7.712238E-16
7478.795284,7.235159E-16
7482.559057,6.905852E-16
7486.32283,7.232563E-16
7490.086603,7.271961E-16
7493.850376,7.078891E-16
7497.614149,6.807687E-16
7501.377922,7.218380E-16
7505.141695,6.886269E-16
7508.905468,6.504948E-16
7512.669241,6.583951E-16
7516.433014,6.671408E-16
7520.196787,6.468890E-16
7523.96056,6.789625E-16
7527.724334,6.590408E-16
7531.488107,6.562754E-16
7535.25188,6.271611E-16
7539.015653,6.292300E-16
7542.779426,6.021549E-16
7546.543199,6.019160E-16
7550.306972,6.184150E-16
7554.070745,6.456202E-16
7557.834518,6.081226E-16
7561.598291,5.559791E-16
7565.362064,5.832346E-16
7569.125837,5.764901E-16
7572.88961,5.806837E-16
7576.653383,5.245532E-16
7580.417156,5.271009E-16
7584.180929,5.511912E-16
7587.944702,5.684789E-16
7591.708475,4.756322E-16
7595.472248,3.540572E-16
7599.236021,2.369984E-16
7602.999794,1.851599E-16
7606.763568,1.923444E-16
7610.527341,2.289882E-16
7614.291114,2.869649E-16
7618.054887,3.817719E-16
7621.81866,3.979224E-16
7625.582433,3.455897E-16
7629.346206,3.151882E-16
7633.109979,3.253929E-16
7636.873752,3.465223E-16
7640.637525,3.635214E-16
7644.401298,3.823995E-16
7648.165071,3.762514E-16
7651.928844,4.197351E-16
7655.692617,4.641472E-16
7659.45639,4.755125E-16
7663.220163,4.812205E-16
7666.983936,5.046457E-16
7670.747709,5.635222E-16
7674.511482,5.509397E-16
7678.275255,5.986336E-16
7682.039028,5.885585E-16
7685.802802,6.253326E-16
7689.566575,6.321415E-16
7693.330348,6.329107E-16
7697.094121,6.732976E-16
7700.857894,6.692863E-16
7704.621667,6.875086E-16
7708.38544,6.899262E-16
7712.149213,6.891269E-16
7715.912986,7.231511E-16
7719.676759,7.394607E-16
7723.440532,7.375777E-16
7727.204305,6.765266E-16
7730.968078,6.673084E-16
7734.731851,6.986804E-16
7738.495624,7.067433E-16
7742.259397,7.041152E-16
7746.02317,6.948055E-16
7749.786943,7.098215E-16
7753.550716,6.701690E-16
7757.314489,6.743924E-16
7761.078262,7.201463E-16
7764.842035,6.811217E-16
7768.605809,6.568741E-16
7772.369582,6.869925E-16
7776.133355,6.502120E-16
7779.897128,6.861247E-16
7783.660901,6.888833E-16
7787.424674,6.222653E-16
7791.188447,6.086478E-16
7794.95222,6.029618E-16
7798.715993,6.153645E-16
7802.479766,5.774272E-16
7806.243539,5.685866E-16
7810.007312,5.733677E-16
7813.771085,6.059000E-16
7817.534858,5.637857E-16
7821.298631,5.630754E-16
7825.062404,5.906308E-16
7828.826177,6.291823E-16
7832.58995,5.808990E-16
7836.353723,5.638174E-16
7840.117496,6.169445E-16
7843.881269,6.036666E-16
7847.645043,5.403374E-16
7851.408816,5.838029E-16
7855.172589,5.999655E-16
7858.936362,5.696049E-16
7862.700135,5.887169E-16
7866.463908,5.339973E-16
7870.227681,5.554065E-16
7873.991454,5.158655E-16
7877.755227,5.070449E-16
7881.519,5.329867E-16
7885.282773,5.393993E-16
7889.046546,4.975068E-16
7892.810319,4.899563E-16
7896.574092,4.737496E-16
7900.337865,4.689932E-16
7904.101638,4.549205E-16
7907.865411,4.357713E-16
7911.629184,4.507004E-16
7915.392957,4.655191E-16
7919.15673,4.425998E-16
7922.920503,4.596578E-16
7926.684277,4.371414E-16
7930.44805,4.029971E-16
7934.211823,4.194594E-16
7937.975596,4.017054E-16
7941.739369,4.228784E-16
7945.503142,4.092125E-16
7949.266915,4.107150E-16
7953.030688,3.650490E-16
7956.794461,3.892453E-16
7960.558234,3.615103E-16
7964.322007,3.784338E-16
7968.08578,3.676471E-16
7971.849553,3.536397E-16
7975.613326,3.323296E-16
7979.377099,3.909703E-16
7983.140872,3.896485E-16
7986.904645,3.591773E-16
7990.668418,3.497210E-16
7994.432191,3.111538E-16
7998.195964,3.279798E-16
8001.959737,3.211842E-16
8005.723511,3.159419E-16
8009.487284,3.248403E-16
8013.251057,3.330359E-16
8017.01483,2.859691E-16
8020.778603,3.073831E-16
8024.542376,3.385207E-16
8028.306149,3.134256E-16
8032.069922,2.872304E-16
8035.833695,2.914931E-16
8039.597468,3.298900E-16
8043.361241,3.365215E-16
8047.125014,3.036437E-16
8050.888787,3.029874E-16
8054.65256,2.971736E-16
8058.416333,2.701475E-16
8062.180106,2.564474E-16
8065.943879,2.573017E-16
8069.707652,2.621720E-16
8073.471425,2.438595E-16
8077.235198,2.424051E-16
8080.998971,2.680411E-16
8084.762745,2.482722E-16
8088.526518,2.271780E-16
8092.290291,2.350133E-16
8096.054064,2.562905E-16
8099.817837,2.608539E-16
8103.58161,2.350570E-16
8107.345383,2.324435E-16
8111.109156,2.324721E-16
8114.872929,2.402691E-16
8118.636702,2.341478E-16
8122.400475,2.245199E-16
8126.164248,2.105011E-16
8129.928021,2.303331E-16
8133.691794,2.173112E-16
8137.455567,2.366937E-16
8141.21934,2.377337E-16
8144.983113,2.370972E-16
8148.746886,2.194341E-16
8152.510659,2.073337E-16
8156.274432,2.220511E-16
8160.038205,2.179027E-16
8163.801979,2.340419E-16
8167.565752,2.730591E-16
8171.329525,2.433095E-16
8175.093298,2.296168E-16
8178.857071,2.267580E-16
8182.620844,2.343580E-16
8186.384617,1.963261E-16
8190.14839,1.890089E-16
8193.912163,2.087373E-16
8197.675936,2.131298E-16
8201.439709,2.284947E-16
8205.203482,2.209250E-16
8208.967255,2.592945E-16
8212.731028,1.999377E-16
8216.494801,2.450314E-16
8220.258574,2.270874E-16
8224.022347,1.998389E-16
8227.78612,1.793899E-16
8231.549893,2.023508E-16
8235.313666,2.144211E-16
8239.077439,2.026722E-16
8242.841212,2.301561E-16
8246.604986,2.561801E-16
8250.368759,2.495194E-16
8254.132532,2.463507E-16
8257.896305,1.999284E-16
8261.660078,2.339587E-16
8265.423851,2.545710E-16
8269.187624,2.509884E-16
8272.951397,2.452195E-16
8276.71517,2.564777E-16
8280.478943,2.377592E-16
8284.242716,2.539588E-16
8288.006489,3.015558E-16
8291.770262,2.865516E-16
8295.534035,2.946145E-16
8299.297808,2.888325E-16
8303.061581,3.121421E-16
8306.825354,2.813010E-16
8310.589127,2.421922E-16
8314.3529,2.914609E-16
8318.116673,2.983521E-16
8321.880446,3.097285E-16
8325.64422,2.736422E-16
8329.407993,2.956715E-16
8333.171766,2.974939E-16
8336.935539,3.006538E-16
8340.699312,2.793773E-16
8344.463085,2.993310E-16
8348.226858,3.082954E-16
8351.990631,3.158007E-16
8355.754404,3.901904E-16
8359.518177,3.227693E-16
8363.28195,3.105514E-16
8367.045723,3.631964E-16
8370.809496,3.354326E-16
8374.573269,3.427081E-16
8378.337042,3.340105E-16
8382.100815,3.461200E-16
8385.864588,3.271654E-16
8389.628361,3.631841E-16
8393.392134,3.854012E-16
8397.155907,4.869964E-16
8400.91968,4.789361E-16
8404.683454,4.349796E-16
8408.447227,4.446089E-16
8412.211,4.528510E-16
8415.974773,4.374988E-16
8419.738546,4.847508E-16
8423.502319,5.490507E-16
8427.266092,5.694959E-16
8431.029865,5.190067E-16
8434.793638,5.211215E-16
8438.557411,5.834653E-16
8442.321184,6.070165E-16
8446.084957,5.939898E-16
8449.84873,6.213663E-16
8453.612503,6.142125E-16
8457.376276,6.210451E-16
8461.140049,6.913812E-16
8464.903822,7.258215E-16
8468.667595,7.213943E-16
8472.431368,7.292998E-16
8476.195141,7.837492E-16
8479.958914,7.754048E-16
8483.722688,7.517973E-16
8487.486461,8.112858E-16
8491.250234,8.516910E-16
8495.014007,8.352019E-16
8498.77778,8.910247E-16
8502.541553,9.148777E-16
8506.305326,8.470187E-16
8510.069099,9.122196E-16
8513.832872,9.698420E-16
8517.596645,9.749303E-16
8521.360418,1.000540E-15
8525.124191,1.022248E-15
8528.887964,1.021882E-15
8532.651737,1.114084E-15
8536.41551,1.168996E-15
8540.179283,1.214857E-15
8543.943056,1.254493E-15
8547.706829,1.257184E-15
8551.470602,1.282472E-15
8555.234375,1.353788E-15
8558.998148,1.332356E-15
8562.761922,1.352028E-15
8566.525695,1.423355E-15
8570.289468,1.454458E-15
8574.053241,1.477291E-15
8577.817014,1.496078E-15
8581.580787,1.495046E-15
8585.34456,1.544003E-15
8589.108333,1.638901E-15
8592.872106,1.653704E-15
8596.635879,1.648124E-15
8600.399652,1.696800E-15
8604.163425,1.693424E-15
8607.927198,1.634975E-15
8611.690971,1.748788E-15
8615.454744,1.690818E-15
8619.218517,1.706131E-15
8622.98229,1.719716E-15
8626.746063,1.733736E-15
8630.509836,1.821154E-15
8634.273609,1.866483E-15
8638.037382,1.860263E-15
8641.801156,1.814971E-15
8645.564929,1.813901E-15
8649.328702,1.831760E-15
8653.092475,1.824896E-15
8656.856248,1.858828E-15
8660.620021,1.879143E-15
8664.383794,1.848187E-15
8668.147567,1.868882E-15
8671.91134,1.834159E-15
8675.675113,1.836089E-15
8679.438886,1.832989E-15
8683.202659,1.859888E-15
8686.966432,1.838585E-15
8690.730205,1.768010E-15
8694.493978,1.764326E-15
8698.257751,1.670995E-15
8702.021524,1.670447E-15
8705.785297,1.672625E-15
8709.54907,1.698946E-15
8713.312843,1.671351E-15
8717.076616,1.680393E-15
8720.840389,1.656743E-15
8724.604163,1.639141E-15
8728.367936,1.587002E-15
8732.131709,1.622185E-15
8735.895482,1.602928E-15
8739.659255,1.561618E-15
8743.423028,1.579563E-15
8747.186801,1.576301E-15
8750.950574,1.490427E-15
8754.714347,1.546495E-15
8758.47812,1.626601E-15
8762.241893,1.515107E-15
8766.005666,1.579148E-15
8769.769439,1.614833E-15
8773.533212,1.458701E-15
8777.296985,1.501623E-15
8781.060758,1.547767E-15
8784.824531,1.456563E-15
8788.588304,1.422773E-15
8792.352077,1.451632E-15
8796.11585,1.497478E-15
8799.879623,1.430836E-15
8803.643397,1.383238E-15
8807.40717,1.371759E-15
8811.170943,1.376507E-15
8814.934716,1.400165E-15
8818.698489,1.385532E-15
8822.462262,1.277528E-15
8826.226035,1.124326E-15
8829.989808,1.163034E-15
8833.753581,1.180632E-15
8837.517354,1.133256E-15
8841.281127,1.273813E-15
8845.0449,1.156669E-15
8848.808673,1.083052E-15
8852.572446,1.116857E-15
8856.336219,1.033241E-15
8860.099992,1.056207E-15
8863.863765,1.112255E-15
8867.627538,1.019001E-15
8871.391311,9.551855E-16
8875.155084,9.790010E-16
8878.918857,8.854729E-16
8882.682631,9.078228E-16
8886.446404,1.018531E-15
8890.210177,9.357623E-16
8893.97395,9.180519E-16
8897.737723,9.290514E-16
8901.501496,8.729637E-16
8905.265269,9.362575E-16
8909.029042,9.036466E-16
8912.792815,8.414320E-16
8916.556588,9.007340E-16
8920.320361,8.505411E-16
8924.084134,7.458707E-16
8927.847907,7.368005E-16
8931.61168,7.669350E-16
8935.375453,7.816344E-16
8939.139226,8.241227E-16
8942.902999,8.743557E-16
8946.666772,7.904665E-16
8950.430545,7.939698E-16
8954.194318,7.138979E-16
8957.958091,6.783748E-16
8961.721865,6.281182E-16
8965.485638,5.867112E-16
8969.249411,6.006577E-16
8973.013184,6.190617E-16
8976.776957,6.784903E-16
8980.54073,6.461755E-16
8984.304503,5.860438E-16
8988.068276,5.389608E-16
8991.832049,5.722360E-16
8995.595822,6.032374E-16
8999.359595,5.757963E-16
9003.123368,5.517416E-16
9006.887141,5.776055E-16
9010.650914,5.266197E-16
9014.414687,5.820879E-16
9018.17846,5.349139E-16
9021.942233,4.945060E-16
9025.706006,5.358355E-16
9029.469779,5.486866E-16
9033.233552,5.857375E-16
9036.997325,5.783530E-16
9040.761099,5.957430E-16
9044.524872,6.314811E-16
9048.288645,6.048442E-16
9052.052418,5.555832E-16
9055.816191,5.551622E-16
9059.579964,5.755066E-16
9063.343737,5.844738E-16
9067.10751,5.741689E-16
9070.871283,5.767584E-16
9074.635056,5.403047E-16
9078.398829,4.994108E-16
9082.162602,4.886699E-16
9085.926375,4.775999E-16
9089.690148,4.872479E-16
9093.453921,5.045063E-16
9097.217694,5.297725E-16
9100.981467,4.507346E-16
9104.74524,4.804446E-16
9108.509013,5.501202E-16
9112.272786,5.132502E-16
9116.036559,4.940799E-16
9119.800332,5.126726E-16
9123.564106,4.936779E-16
9127.327879,4.716926E-16
9131.091652,4.948567E-16
9134.855425,4.726631E-16
9138.619198,4.499690E-16
9142.382971,5.209320E-16
9146.146744,5.594347E-16
9149.910517,5.030169E-16
9153.67429,4.952775E-16
9157.438063,5.420685E-16
9161.201836,5.441128E-16
9164.965609,5.283612E-16
9168.729382,5.621027E-16
9172.493155,5.810072E-16
9176.256928,4.799399E-16
9180.020701,4.728550E-16
9183.784474,4.781011E-16
9187.548247,5.420903E-16
9191.31202,5.940678E-16
9195.075793,5.468886E-16
9198.839566,4.911417E-16
9202.60334,5.658343E-16
9206.367113,5.699806E-16
9210.130886,5.648559E-16
9213.894659,5.443562E-16
9217.658432,5.650938E-16
9221.422205,5.382846E-16
9225.185978,5.597285E-16
9228.949751,5.808250E-16
9232.713524,6.175567E-16
9236.477297,6.281523E-16
9240.24107,6.283762E-16
9244.004843,5.704612E-16
9247.768616,5.590119E-16
9251.532389,5.519255E-16
9255.296162,6.089276E-16
9259.059935,5.817974E-16
9262.823708,5.898349E-16
9266.587481,5.701361E-16
9270.351254,5.444800E-16
9274.115027,5.376032E-16
9277.8788,4.816259E-16
9281.642574,4.690782E-16
9285.406347,4.911208E-16
9289.17012,4.822068E-16
9292.933893,4.350476E-16
9296.697666,4.860332E-16
9300.461439,5.227160E-16
9304.225212,5.075478E-16
9307.988985,5.264270E-16
9311.752758,3.654807E-16
9315.516531,3.777752E-16
9319.280304,4.732929E-16
9323.044077,3.050182E-16
9326.80785,2.874307E-16
9330.571623,3.536297E-16
9334.335396,3.495976E-16
9338.099169,3.661391E-16
9341.862942,3.015806E-16
9345.626715,3.289207E-16
9349.390488,3.102514E-16
9353.154261,3.551241E-16
9356.918034,3.335646E-16
9360.681808,3.860552E-16
9364.445581,3.030774E-16
9368.209354,3.077613E-16
9371.973127,3.002202E-16
9375.7369,4.159647E-16
9379.500673,4.398014E-16
9383.264446,2.612558E-16
9387.028219,3.071107E-16
9390.791992,3.982951E-16
9394.555765,3.427993E-16
9398.319538,3.899892E-16
9402.083311,4.040729E-16
9405.847084,3.384684E-16
9409.610857,3.277885E-16
9413.37463,3.791466E-16
9417.138403,3.972000E-16
9420.902176,3.128288E-16
9424.665949,2.251005E-16
9428.429722,2.599539E-16
9432.193495,3.109683E-16
9435.957268,2.735786E-16
9439.721042,2.792340E-16
9443.484815,3.376118E-16
9447.248588,3.062396E-16
9451.012361,2.283533E-16
9454.776134,2.486345E-16
9458.539907,2.770707E-16
9462.30368,1.601631E-16
9466.067453,1.376187E-16
9469.831226,1.794644E-16
9473.594999,3.172647E-16
9477.358772,2.588078E-16
9481.122545,3.082241E-16
9484.886318,3.005199E-16
9488.650091,2.842749E-16
9492.413864,1.739345E-16
9496.177637,1.965703E-16
9499.94141,1.921549E-16
9503.705183,2.072328E-16
9507.468956,2.826569E-16
9511.232729,2.643024E-16
9514.996502,2.414768E-16
9518.760276,2.677648E-16
9522.524049,2.022691E-16
9526.287822,2.148368E-16
9530.051595,1.754207E-16
9533.815368,2.203197E-16
9537.579141,2.852718E-16
9541.342914,2.063588E-16
9545.106687,2.096455E-16
9548.87046,2.154664E-16
9552.634233,1.671454E-16
9556.398006,1.425239E-16
9560.161779,1.224992E-16
9563.925552,1.860543E-16
9567.689325,2.368331E-16
9571.453098,2.192066E-16
9575.216871,1.801242E-16
9578.980644,2.457056E-16
9582.744417,2.480157E-16
9586.50819,2.491912E-16
9590.271963,1.725248E-16
9594.035736,1.315284E-16
9597.799509,1.284215E-16
9601.563283,1.672732E-16
9605.327056,2.002063E-16
9609.090829,2.776038E-16
9612.854602,2.324109E-16
9616.618375,2.315603E-16
9620.382148,2.105130E-16
9624.145921,1.883584E-16
9627.909694,1.491416E-16
9631.673467,1.588645E-16
9635.43724,1.565682E-16
9639.201013,1.640672E-16
9642.964786,1.750600E-16
9646.728559,1.924644E-16
9650.492332,1.781826E-16
9654.256105,2.262449E-16
9658.019878,1.934474E-16
9661.783651,1.775457E-16
9665.547424,2.521050E-16
9669.311197,1.635558E-16
9673.07497,1.210828E-16
9676.838743,1.642038E-16
9680.602517,1.442156E-16
9684.36629,1.204601E-16
9688.130063,1.479361E-16
9691.893836,1.683053E-16
9695.657609,2.025976E-16
9699.421382,1.777175E-16
9703.185155,1.797943E-16
9706.948928,2.073738E-16
9710.712701,1.919521E-16
9714.476474,1.162334E-16
9718.240247,1.465394E-16
9722.00402,2.408745E-16
9725.767793,2.067506E-16
9729.531566,1.691702E-16
9733.295339,1.526934E-16
9737.059112,1.509641E-16
9740.822885,1.254110E-16
9744.586658,9.317045E-17
9748.350431,1.116513E-16
9752.114204,1.419349E-16
9755.877977,1.175827E-16
9759.641751,8.697424E-17
9763.405524,1.375927E-16
9767.169297,1.705558E-16
9770.93307,1.006706E-16
9774.696843,1.112692E-16
9778.460616,1.290567E-16
9782.224389,9.241722E-17
9785.988162,1.713705E-16
9789.751935,1.657509E-16
9793.515708,2.273962E-16
9797.279481,9.548060E-17
9801.043254,1.026722E-16
9804.807027,1.241444E-16
9808.5708,1.794879E-16
9812.334573,1.417291E-16
9816.098346,1.312123E-16
9819.862119,1.333327E-16
9823.625892,1.559314E-16
9827.389665,8.871122E-17
9831.153438,1.490186E-16
9834.917211,9.480359E-17
9838.680985,2.426321E-17
9842.444758,8.861722E-17
9846.208531,1.119290E-16
9849.972304,5.181995E-17
9853.736077,1.005846E-16
9857.49985,1.393943E-16
9861.263623,1.213062E-16
9865.027396,1.062659E-16
9868.791169,7.610259E-17
9872.554942,5.847726E-17
9876.318715,7.839305E-17
9880.082488,1.071335E-16
9883.846261,2.637772E-17
9887.610034,6.377428E-17
9891.373807,1.405735E-16
9895.13758,1.123090E-16
9898.901353,6.389347E-17
9902.665126,6.153020E-17
9906.428899,7.580263E-17
9910.192672,1.075001E-16
9913.956445,1.158757E-16
9917.720219,4.036771E-17
9921.483992,7.874649E-17
9925.247765,7.659922E-17
9929.011538,-2.821233E-17
9932.775311,3.457760E-17
9936.539084,1.366769E-17
9940.302857,2.406026E-17
9944.06663,6.784547E-17
9947.830403,4.256379E-17
9951.594176,7.255729E-17
9955.357949,1.944081E-16
9959.121722,1.921028E-16
9962.885495,9.460228E-17
9966.649268,1.474102E-16
9970.413041,2.332392E-16
9974.176814,2.097986E-16
9977.940587,1.333036E-16
9981.70436,1.454275E-16
9985.468133,1.715137E-16
9989.231906,2.433897E-16
9992.995679,2.781281E-16
9996.759453,1.762985E-16
10000.52323,1.471408E-16
10004.287,2.211515E-16
10008.05077,1.166197E-16
10011.81454,6.664519E-17
10015.57832,7.472089E-17
10019.34209,7.734618E-17
10023.10586,7.202345E-17
10026.86964,7.350524E-17
10030.63341,1.557153E-16
10034.39718,1.436116E-16
10038.16096,5.970307E-17
10041.92473,2.887493E-17
10045.6885,4.738444E-17
10049.45228,4.444448E-17
10053.21605,2.302421E-17
10056.97982,5.543078E-17
10060.74359,9.245816E-17
10064.50737,1.215323E-16
10068.27114,6.631431E-17
10072.03491,9.212633E-17
10075.79869,6.003172E-17
10079.56246,-1.027396E-17
10083.32623,2.168868E-17
10087.09001,3.320813E-17
10090.85378,8.105244E-17
10094.61755,6.322461E-17
10098.38132,6.540889E-17
10102.1451,5.761686E-17
10105.90887,9.984720E-17
10109.67264,1.514054E-16
10113.43642,1.032828E-16
10117.20019,8.240122E-18
10120.96396,2.269557E-16
10124.72774,2.014171E-16
10128.49151,-1.600366E-16
10132.25528,-1.320685E-16
10136.01906,8.281831E-16
10139.78283,1.183492E-15
10143.5466,1.990118E-16
10147.31037,3.415657E-16
10151.07415,2.072036E-16
10154.83792,5.402627E-17
10158.60169,2.139983E-16
10162.36547,3.260320E-18
10166.12924,-1.033537E-16