wavelength,flux
3301.667713,5.716313E-15
3304.621799,5.469437E-15
3307.575884,4.75949e-15
3310.52997,3.63877e-15
3313.484055,3.455675E-15
3316.438141,6.05989e-15
3319.392226,7.304156E-15
3322.346312,6.971347E-15
3325.300397,7.495789E-15
3328.254483,6.265224E-15
3331.208568,5.751853E-15
3334.162654,6.436722E-15
3337.116739,6.532025E-15
3340.070825,6.556154E-15
3343.02491,5.744098E-15
3345.978996,5.516028E-15
3348.933081,5.793611E-15
3351.887167,5.707046E-15
3354.841252,5.673464E-15
3357.795338,5.776735E-15
3360.749423,6.453832E-15
3363.703509,7.250011E-15
3366.657594,7.867893E-15
3369.61168,7.608413E-15
3372.565765,8.331571E-15
3375.519851,7.668432E-15
3378.473936,7.538171E-15
3381.428022,7.293955E-15
3384.382107,7.723375E-15
3387.336193,8.212842E-15
3390.290278,8.138661E-15
3393.244364,8.31379e-15
3396.19845,8.402664E-15
3399.152535,7.44789e-15
3402.106621,6.922782E-15
3405.060706,8.173596E-15
3408.014792,8.74106e-15
3410.968877,7.891537E-15
3413.922963,7.574035E-15
3416.877048,8.196385E-15
3419.831134,8.255412E-15
3422.785219,7.611641E-15
3425.739305,7.852607E-15
3428.69339,7.873807E-15
3431.647476,8.075041E-15
3434.601561,8.314224E-15
3437.555647,8.192185E-15
3440.509732,8.208036E-15
3443.463818,8.415108E-15
3446.417903,8.2975e-15
3449.371989,8.165142E-15
3452.326074,8.573252E-15
3455.28016,8.664855E-15
3458.234245,9.040182E-15
3461.188331,8.903172E-15
3464.142416,8.541994E-15
3467.096502,8.815683E-15
3470.050587,8.938907E-15
3473.004673,9.098728E-15
3475.958758,8.989656E-15
3478.912844,9.421752E-15
3481.866929,9.265497E-15
3484.821015,8.813313E-15
3487.7751,9.028501E-15
3490.729186,9.426608E-15
3493.683271,9.729525E-15
3496.637357,9.817441E-15
3499.591442,9.530903E-15
3502.545528,9.074218E-15
3505.499613,9.17072e-15
3508.453699,9.573786E-15
3511.407784,9.297337E-15
3514.36187,8.859406E-15
3517.315955,9.067368E-15
3520.270041,9.147575E-15
3523.224126,9.035311E-15
3526.178212,8.859204E-15
3529.132297,8.961581E-15
3532.086383,9.250535E-15
3535.040468,9.401037E-15
3537.994554,9.114472E-15
3540.94864,8.940809E-15
3543.902725,9.024159E-15
3546.856811,9.341167E-15
3549.810896,9.341206E-15
3552.764982,9.192193E-15
3555.719067,8.80734e-15
3558.673153,8.969799E-15
3561.627238,9.285203E-15
3564.581324,9.08465e-15
3567.535409,8.894125E-15
3570.489495,8.920147E-15
3573.44358,8.987474E-15
3576.397666,9.29077e-15
3579.351751,9.540615E-15
3582.305837,9.221283E-15
3585.259922,8.937592E-15
3588.214008,8.931878E-15
3591.168093,9.518078E-15
3594.122179,9.667097E-15
3597.076264,9.427683E-15
3600.03035,9.1555e-15
3602.984435,9.175972E-15
3605.938521,9.415615E-15
3608.892606,9.285373E-15
3611.846692,8.940049E-15
3614.800777,8.790844E-15
3617.754863,9.094376E-15
3620.708948,9.402142E-15
3623.663034,9.42633e-15
3626.617119,9.564425E-15
3629.571205,9.787679E-15
3632.52529,9.82253e-15
3635.479376,9.641596E-15
3638.433461,9.613621E-15
3641.387547,9.678874E-15
3644.341632,9.712732E-15
3647.295718,9.771513E-15
3650.249803,9.748392E-15
3653.203889,9.692098E-15
3656.157974,9.77807e-15
3659.11206,9.864034E-15
3662.066145,9.950005E-15
3665.020231,1.003598E-14
3667.974316,1.012195E-14
3670.928402,1.020791E-14
3673.882487,9.632971E-15
3676.836573,9.941997E-15
3679.790658,1.012479E-14
3682.744744,1.002332E-14
3685.698829,9.993596E-15
3688.652915,1.008944E-14
3691.607001,1.010028E-14
3694.561086,1.016338E-14
3697.515172,1.024458E-14
3700.469257,1.027042E-14
3703.423343,1.038039E-14
3706.377428,1.005279E-14
3709.331514,1.003923E-14
3712.285599,1.023844E-14
3715.239685,1.016512E-14
3718.19377,1.018549E-14
3721.147856,1.042347E-14
3724.101941,1.032182E-14
3727.056027,1.035591E-14
3730.010112,1.053658E-14
3732.964198,1.068706E-14
3735.918283,1.06106e-14
3738.872369,1.052667E-14
3741.826454,1.054058E-14
3744.78054,1.04885e-14
3747.734625,1.049346E-14
3750.688711,1.054975E-14
3753.642796,1.039015E-14
3756.596882,1.043176E-14
3759.550967,1.056719E-14
3762.505053,1.050043E-14
3765.459138,1.040694E-14
3768.413224,1.043654E-14
3771.367309,1.057272E-14
3774.321395,1.058231E-14
3777.27548,1.043485E-14
3780.229566,1.055883E-14
3783.183651,1.049226E-14
3786.137737,1.047936E-14
3789.091822,1.063198E-14
3792.045908,1.053232E-14
3794.999993,1.05075e-14
3797.954079,1.057054E-14
3800.908164,1.048389E-14
3803.86225,1.041223E-14
3806.816335,1.033164E-14
3809.770421,1.045621E-14
3812.724506,1.061463E-14
3815.678592,1.068524E-14
3818.632677,1.072379E-14
3821.586763,1.07775e-14
3824.540848,1.069486E-14
3827.494934,1.078376E-14
3830.449019,1.10884e-14
3833.403105,1.106253E-14
3836.357191,1.118094E-14
3839.311276,1.129675E-14
3842.265362,1.12683e-14
3845.219447,1.131407E-14
3848.173533,1.126199E-14
3851.127618,1.133038E-14
3854.081704,1.134886E-14
3857.035789,1.129777E-14
3859.989875,1.146496E-14
3862.94396,1.174257E-14
3865.898046,1.200854E-14
3868.852131,1.209656E-14
3871.806217,1.194354E-14
3874.760302,1.177842E-14
3877.714388,1.184742E-14
3880.668473,1.198771E-14
3883.622559,1.190127E-14
3886.576644,1.196906E-14
3889.53073,1.20988e-14
3892.484815,1.224549E-14
3895.438901,1.224466E-14
3898.392986,1.218557E-14
3901.347072,1.207349E-14
3904.301157,1.206521E-14
3907.255243,1.218797E-14
3910.209328,1.237804E-14
3913.163414,1.246968E-14
3916.117499,1.23574e-14
3919.071585,1.239754E-14
3922.02567,1.271708E-14
3924.979756,1.275917E-14
3927.933841,1.26698e-14
3930.887927,1.26057e-14
3933.842012,1.265598E-14
3936.796098,1.261036E-14
3939.750183,1.261443E-14
3942.704269,1.273569E-14
3945.658354,1.291177E-14
3948.61244,1.291666E-14
3951.566525,1.292335E-14
3954.520611,1.285822E-14
3957.474696,1.284073E-14
3960.428782,1.283357E-14
3963.382867,1.258785E-14
3966.336953,1.251161E-14
3969.291038,1.274796E-14
3972.245124,1.301459E-14
3975.199209,1.3149e-14
3978.153295,1.306263E-14
3981.107381,1.296156E-14
3984.061466,1.30589e-14
3987.015552,1.31352e-14
3989.969637,1.304426E-14
3992.923723,1.298412E-14
3995.877808,1.304329E-14
3998.831894,1.315668E-14
4001.785979,1.321433E-14
4004.740065,1.324296E-14
4007.69415,1.323259E-14
4010.648236,1.313414E-14
4013.602321,1.31046e-14
4016.556407,1.317719E-14
4019.510492,1.325575E-14
4022.464578,1.336749E-14
4025.418663,1.355826E-14
4028.372749,1.346208E-14
4031.326834,1.335851E-14
4034.28092,1.35005e-14
4037.235005,1.353102E-14
4040.189091,1.336727E-14
4043.143176,1.344464E-14
4046.097262,1.352727E-14
4049.051347,1.34406e-14
4052.005433,1.343453E-14
4054.959518,1.357165E-14
4057.913604,1.365648E-14
4060.867689,1.363378E-14
4063.821775,1.373144E-14
4066.77586,1.373906E-14
4069.729946,1.360046E-14
4072.684031,1.355773E-14
4075.638117,1.359375E-14
4078.592202,1.355346E-14
4081.546288,1.369577E-14
4084.500373,1.377954E-14
4087.454459,1.375128E-14
4090.408544,1.37472e-14
4093.36263,1.362687E-14
4096.316715,1.359256E-14
4099.270801,1.371877E-14
4102.224886,1.372196E-14
4105.178972,1.362477E-14
4108.133057,1.349612E-14
4111.087143,1.343519E-14
4114.041228,1.355585E-14
4116.995314,1.353533E-14
4119.949399,1.346552E-14
4122.903485,1.348716E-14
4125.85757,1.358822E-14
4128.811656,1.362047E-14
4131.765742,1.351957E-14
4134.719827,1.342107E-14
4137.673913,1.353599E-14
4140.627998,1.354707E-14
4143.582084,1.339708E-14
4146.536169,1.340793E-14
4149.490255,1.334705E-14
4152.44434,1.335426E-14
4155.398426,1.341492E-14
4158.352511,1.342125E-14
4161.306597,1.336372E-14
4164.260682,1.33809e-14
4167.214768,1.341322E-14
4170.168853,1.345324E-14
4173.122939,1.351223E-14
4176.077024,1.355238E-14
4179.03111,1.357154E-14
4181.985195,1.339059E-14
4184.939281,1.338859E-14
4187.893366,1.363589E-14
4190.847452,1.374229E-14
4193.801537,1.372342E-14
4196.755623,1.386097E-14
4199.709708,1.390274E-14
4202.663794,1.376331E-14
4205.617879,1.367009E-14
4208.571965,1.367004E-14
4211.52605,1.373918E-14
4214.480136,1.387338E-14
4217.434221,1.40575e-14
4220.388307,1.399675E-14
4223.342392,1.383859E-14
4226.296478,1.381048E-14
4229.250563,1.385892E-14
4232.204649,1.379485E-14
4235.158734,1.384182E-14
4238.11282,1.403091E-14
4241.066905,1.401267E-14
4244.020991,1.399444E-14
4246.975076,1.397621E-14
4249.929162,1.395798E-14
4252.883247,1.393975E-14
4255.837333,1.392152E-14
4258.791418,1.390329E-14
4261.745504,1.388505E-14
4264.699589,1.377968E-14
4267.653675,1.376407E-14
4270.60776,1.379697E-14
4273.561846,1.376288E-14
4276.515932,1.379974E-14
4279.470017,1.380072E-14
4282.424103,1.37212e-14
4285.378188,1.369156E-14
4288.332274,1.367164E-14
4291.286359,1.371753E-14
4294.240445,1.362281E-14
4297.19453,1.359431E-14
4300.148616,1.36358e-14
4303.102701,1.354473E-14
4306.056787,1.363629E-14
4309.010872,1.370776E-14
4311.964958,1.368074E-14
4314.919043,1.358943E-14
4317.873129,1.354028E-14
4320.827214,1.350136E-14
4323.7813,1.359964E-14
4326.735385,1.354909E-14
4329.689471,1.347626E-14
4332.643556,1.344672E-14
4335.597642,1.342574E-14
4338.551727,1.346269E-14
4341.505813,1.343387E-14
4344.459898,1.3449e-14
4347.413984,1.340478E-14
4350.368069,1.329525E-14
4353.322155,1.332046E-14
4356.27624,1.334265E-14
4359.230326,1.335618E-14
4362.184411,1.337426E-14
4365.138497,1.339534E-14
4368.092582,1.338713E-14
4371.046668,1.324021E-14
4374.000753,1.332492E-14
4376.954839,1.355336E-14
4379.908924,1.348906E-14
4382.86301,1.335132E-14
4385.817095,1.325713E-14
4388.771181,1.330209E-14
4391.725266,1.338814E-14
4394.679352,1.331051E-14
4397.633437,1.328301E-14
4400.587523,1.334311E-14
4403.541608,1.325333E-14
4406.495694,1.322834E-14
4409.449779,1.323021E-14
4412.403865,1.327124E-14
4415.35795,1.329058E-14
4418.312036,1.329766E-14
4421.266122,1.340681E-14
4424.220207,1.327524E-14
4427.174293,1.3335e-14
4430.128378,1.354405E-14
4433.082464,1.354353E-14
4436.036549,1.342555E-14
4438.990635,1.332922E-14
4441.94472,1.328544E-14
4444.898806,1.333868E-14
4447.852891,1.342404E-14
4450.806977,1.351257E-14
4453.761062,1.353986E-14
4456.715148,1.344036E-14
4459.669233,1.339564E-14
4462.623319,1.34044e-14
4465.577404,1.325841E-14
4468.53149,1.320464E-14
4471.485575,1.331892E-14
4474.439661,1.351505E-14
4477.393746,1.35519e-14
4480.347832,1.340408E-14
4483.301917,1.335089E-14
4486.256003,1.344645E-14
4489.210088,1.350978E-14
4492.164174,1.355323E-14
4495.118259,1.365659E-14
4498.072345,1.377694E-14
4501.02643,1.386343E-14
4503.980516,1.374803E-14
4506.934601,1.373656E-14
4509.888687,1.384206E-14
4512.842772,1.388288E-14
4515.796858,1.382267E-14
4518.750943,1.379116E-14
4521.705029,1.37665e-14
4524.659114,1.369937E-14
4527.6132,1.373952E-14
4530.567285,1.373808E-14
4533.521371,1.374313E-14
4536.475456,1.360568E-14
4539.429542,1.347379E-14
4542.383627,1.355717E-14
4545.337713,1.353772E-14
4548.291798,1.340233E-14
4551.245884,1.341323E-14
4554.199969,1.355509E-14
4557.154055,1.362562E-14
4560.10814,1.360095E-14
4563.062226,1.356514E-14
4566.016311,1.356615E-14
4568.970397,1.35414e-14
4571.924483,1.347471E-14
4574.878568,1.344109E-14
4577.832654,1.336059E-14
4580.786739,1.328773E-14
4583.740825,1.323889E-14
4586.69491,1.328427E-14
4589.648996,1.324295E-14
4592.603081,1.313071E-14
4595.557167,1.308698E-14
4598.511252,1.308333E-14
4601.465338,1.323814E-14
4604.419423,1.326585E-14
4607.373509,1.308636E-14
4610.327594,1.303193E-14
4613.28168,1.317689E-14
4616.235765,1.315483E-14
4619.189851,1.302227E-14
4622.143936,1.307626E-14
4625.098022,1.316736E-14
4628.052107,1.310999E-14
4631.006193,1.303717E-14
4633.960278,1.303014E-14
4636.914364,1.305938E-14
4639.868449,1.302514E-14
4642.822535,1.298028E-14
4645.77662,1.303741E-14
4648.730706,1.301647E-14
4651.684791,1.298104E-14
4654.638877,1.302837E-14
4657.592962,1.304885E-14
4660.547048,1.311757E-14
4663.501133,1.307898E-14
4666.455219,1.30429e-14
4669.409304,1.311212E-14
4672.36339,1.30983e-14
4675.317475,1.295133E-14
4678.271561,1.281612E-14
4681.225646,1.283267E-14
4684.179732,1.29212e-14
4687.133817,1.296935E-14
4690.087903,1.294527E-14
4693.041988,1.29187e-14
4695.996074,1.298448E-14
4698.950159,1.300901E-14
4701.904245,1.291795E-14
4704.85833,1.284177E-14
4707.812416,1.28491e-14
4710.766501,1.292658E-14
4713.720587,1.300403E-14
4716.674673,1.296448E-14
4719.628758,1.289756E-14
4722.582844,1.284237E-14
4725.536929,1.290507E-14
4728.491015,1.297727E-14
4731.4451,1.292434E-14
4734.399186,1.279535E-14
4737.353271,1.281789E-14
4740.307357,1.296367E-14
4743.261442,1.302974E-14
4746.215528,1.310933E-14
4749.169613,1.31282e-14
4752.123699,1.307525E-14
4755.077784,1.300417E-14
4758.03187,1.297182E-14
4760.985955,1.293445E-14
4763.940041,1.288355E-14
4766.894126,1.283897E-14
4769.848212,1.290115E-14
4772.802297,1.281549E-14
4775.756383,1.281798E-14
4778.710468,1.295903E-14
4781.664554,1.301482E-14
4784.618639,1.300129E-14
4787.572725,1.297846E-14
4790.52681,1.301756E-14
4793.480896,1.311099E-14
4796.434981,1.30952e-14
4799.389067,1.298811E-14
4802.343152,1.289498E-14
4805.297238,1.285018E-14
4808.251323,1.286388E-14
4811.205409,1.283433E-14
4814.159494,1.289195E-14
4817.11358,1.301689E-14
4820.067665,1.309098E-14
4823.021751,1.314786E-14
4825.975836,1.315727E-14
4828.929922,1.309695E-14
4831.884007,1.314543E-14
4834.838093,1.32226e-14
4837.792178,1.332111E-14
4840.746264,1.332209E-14
4843.700349,1.320729E-14
4849.60852,1.320134E-14
4852.562606,1.321341E-14
4855.516691,1.32173e-14
4858.470777,1.331742E-14
4861.424862,1.339314E-14
4864.378948,1.336907E-14
4867.333034,1.337131E-14
4870.287119,1.336954E-14
4873.241205,1.339313E-14
4876.19529,1.340417E-14
4879.149376,1.340235E-14
4882.103461,1.340256E-14
4885.057547,1.339197E-14
4888.011632,1.341104E-14
4890.965718,1.342806E-14
4893.919803,1.34927e-14
4896.873889,1.350996E-14
4899.827974,1.347849E-14
4902.78206,1.35264e-14
4905.736145,1.35986e-14
4908.690231,1.356622E-14
4911.644316,1.348974E-14
4914.598402,1.359541E-14
4917.552487,1.368559E-14
4920.506573,1.36496e-14
4923.460658,1.373163E-14
4926.414744,1.378657E-14
4929.368829,1.378038E-14
4932.322915,1.377201E-14
4935.277,1.377229E-14
4938.231086,1.379613E-14
4941.185171,1.385374E-14
4944.139257,1.392359E-14
4947.093342,1.40378e-14
4950.047428,1.40533e-14
4953.001513,1.397905E-14
4955.955599,1.39776e-14
4958.909684,1.400906E-14
4961.86377,1.412539E-14
4964.817855,1.418772E-14
4967.771941,1.413494E-14
4970.726026,1.410555E-14
4973.680112,1.417832E-14
4976.634197,1.419722E-14
4979.588283,1.415823E-14
4982.542368,1.415391E-14
4985.496454,1.418303E-14
4988.450539,1.424301E-14
4991.404625,1.428162E-14
4994.35871,1.42986e-14
4997.312796,1.434606E-14
5000.266881,1.432058E-14
5003.220967,1.426752E-14
5006.175052,1.432381E-14
5009.129138,1.442782E-14
5012.083224,1.444418E-14
5015.037309,1.450754E-14
5017.991395,1.458567E-14
5020.94548,1.45953e-14
5023.899566,1.45613e-14
5026.853651,1.458143E-14
5029.807737,1.47292e-14
5032.761822,1.47627e-14
5035.715908,1.469617E-14
5038.669993,1.475779E-14
5041.624079,1.482319E-14
5044.578164,1.48724e-14
5047.53225,1.496688E-14
5050.486335,1.502134E-14
5053.440421,1.499183E-14
5056.394506,1.49942e-14
5059.348592,1.503078E-14
5062.302677,1.498697E-14
5065.256763,1.494713E-14
5068.210848,1.504725E-14
5071.164934,1.514025E-14
5074.119019,1.508342E-14
5077.073105,1.507913E-14
5080.02719,1.520574E-14
5082.981276,1.530652E-14
5085.935361,1.530334E-14
5088.889447,1.527634E-14
5091.843532,1.537362E-14
5094.797618,1.548886E-14
5097.751703,1.54126e-14
5100.705789,1.535837E-14
5103.659874,1.546759E-14
5106.61396,1.555526E-14
5109.568045,1.560252E-14
5112.522131,1.559365E-14
5115.476216,1.551784E-14
5118.430302,1.554819E-14
5121.384387,1.561635E-14
5124.338473,1.555327E-14
5127.292558,1.548871E-14
5130.246644,1.546682E-14
5133.200729,1.543304E-14
5136.154815,1.548403E-14
5139.1089,1.558031E-14
5142.062986,1.562074E-14
5145.017071,1.557979E-14
5147.971157,1.549222E-14
5150.925242,1.551058E-14
5153.879328,1.551237E-14
5156.833414,1.532157E-14
5159.787499,1.520784E-14
5162.741585,1.524301E-14
5165.69567,1.533503E-14
5168.649756,1.534989E-14
5171.603841,1.528358E-14
5174.557927,1.521388E-14
5177.512012,1.518773E-14
5180.466098,1.519195E-14
5183.420183,1.513047E-14
5186.374269,1.509082E-14
5189.328354,1.514386E-14
5192.28244,1.523481E-14
5195.236525,1.525551E-14
5198.190611,1.520745E-14
5201.144696,1.51654e-14
5204.098782,1.515822E-14
5207.052867,1.510095E-14
5210.006953,1.500881E-14
5212.961038,1.503451E-14
5215.915124,1.500644E-14
5218.869209,1.489851E-14
5221.823295,1.49148e-14
5224.77738,1.48831e-14
5227.731466,1.482092E-14
5230.685551,1.48687e-14
5233.639637,1.483893E-14
5236.593722,1.478957E-14
5239.547808,1.469391E-14
5242.501893,1.462067E-14
5245.455979,1.454893E-14
5248.410064,1.441032E-14
5251.36415,1.436643E-14
5254.318235,1.439314E-14
5257.272321,1.437593E-14
5260.226406,1.442379E-14
5263.180492,1.442489E-14
5266.134577,1.424869E-14
5269.088663,1.413632E-14
5272.042748,1.412842E-14
5274.996834,1.405686E-14
5277.950919,1.398058E-14
5280.905005,1.399172E-14
5283.85909,1.393158E-14
5286.813176,1.383612E-14
5289.767261,1.377909E-14
5292.721347,1.368018E-14
5295.675432,1.361674E-14
5298.629518,1.365451E-14
5301.583603,1.368412E-14
5304.537689,1.360584E-14
5307.491775,1.350753E-14
5310.44586,1.349972E-14
5313.399946,1.349106E-14
5316.354031,1.346655E-14
5319.308117,1.350528E-14
5322.262202,1.349181E-14
5325.216288,1.338722E-14
5328.170373,1.333029E-14
5331.124459,1.326604E-14
5334.078544,1.32271e-14
5337.03263,1.325287E-14
5339.986715,1.319882E-14
5342.940801,1.315886E-14
5345.894886,1.317072E-14
5348.848972,1.306903E-14
5351.803057,1.298802E-14
5354.757143,1.303355E-14
5357.711228,1.305712E-14
5360.665314,1.297216E-14
5363.619399,1.289011E-14
5366.573485,1.290507E-14
5369.52757,1.291739E-14
5372.481656,1.287783E-14
5375.435741,1.278987E-14
5378.389827,1.268415E-14
5381.343912,1.266555E-14
5384.297998,1.267379E-14
5387.252083,1.263748E-14
5390.206169,1.261438E-14
5393.160254,1.259592E-14
5396.11434,1.25813e-14
5399.068425,1.256574E-14
5402.022511,1.251586E-14
5404.976596,1.25557e-14
5407.930682,1.256178E-14
5410.884767,1.252272E-14
5413.838853,1.249125E-14
5416.792938,1.248298E-14
5419.747024,1.245564E-14
5422.701109,1.239109E-14
5425.655195,1.232215E-14
5428.60928,1.224155E-14
5431.563366,1.219016E-14
5434.517451,1.2211e-14
5437.471537,1.219952E-14
5440.425622,1.212321E-14
5443.379708,1.20427e-14
5446.333793,1.199146E-14
5449.287879,1.193266E-14
5452.241965,1.186042E-14
5455.19605,1.179647E-14
5458.150136,1.181376E-14
5461.104221,1.192213E-14
5464.058307,1.194825E-14
5467.012392,1.187059E-14
5469.966478,1.179653E-14
5472.920563,1.17783e-14
5475.874649,1.179043E-14
5478.828734,1.178351E-14
5481.78282,1.175853E-14
5484.736905,1.169298E-14
5487.690991,1.166991E-14
5490.645076,1.169584E-14
5493.599162,1.16563e-14
5496.553247,1.16237e-14
5499.507333,1.165928E-14
5502.461418,1.170473E-14
5505.415504,1.169501E-14
5508.369589,1.164084E-14
5511.323675,1.158069E-14
5514.27776,1.152747E-14
5517.231846,1.15282e-14
5520.185931,1.155594E-14
5523.140017,1.154667E-14
5526.094102,1.14953e-14
5529.048188,1.146377E-14
5532.002273,1.145147E-14
5534.956359,1.143358E-14
5537.910444,1.143912E-14
5540.86453,1.14254e-14
5543.818615,1.134499E-14
5546.772701,1.13043e-14
5549.726786,1.131276E-14
5552.680872,1.129765E-14
5555.634957,1.127144E-14
5558.589043,1.122688E-14
5561.543128,1.117932E-14
5564.497214,1.112887E-14
5567.451299,1.101098E-14
5570.405385,1.096837E-14
5573.35947,1.108087E-14
5576.313556,1.12096e-14
5579.267641,1.124521E-14
5582.221727,1.113191E-14
5585.175812,1.092349E-14
5588.129898,1.080134E-14
5591.083983,1.081704E-14
5594.038069,1.085057E-14
5596.992154,1.083199E-14
5599.94624,1.080781E-14
5602.900326,1.082583E-14
5605.854411,1.084536E-14
5608.808497,1.0818e-14
5611.762582,1.076561E-14
5614.716668,1.07132e-14
5617.670753,1.069124E-14
5620.624839,1.06953e-14
5623.578924,1.06619e-14
5626.53301,1.055927E-14
5629.487095,1.047692E-14
5632.441181,1.051842E-14
5635.395266,1.056668E-14
5638.349352,1.052587E-14
5641.303437,1.047344E-14
5644.257523,1.045179E-14
5647.211608,1.042146E-14
5650.165694,1.040689E-14
5653.119779,1.042374E-14
5656.073865,1.039844E-14
5659.02795,1.033492E-14
5661.982036,1.030263E-14
5664.936121,1.029756E-14
5667.890207,1.024942E-14
5670.844292,1.020611E-14
5673.798378,1.018687E-14
5676.752463,1.016705E-14
5679.706549,1.01489e-14
5682.660634,1.018021E-14
5685.61472,1.019052E-14
5688.568805,1.014233E-14
5691.522891,1.011067E-14
5694.476976,1.013279E-14
5697.431062,1.013366E-14
5700.385147,1.007698E-14
5703.339233,1.001841E-14
5706.293318,9.986446E-15
5709.247404,9.935417E-15
5712.201489,9.859328E-15
5715.155575,9.884797E-15
5718.10966,9.963448E-15
5721.063746,9.938916E-15
5724.017831,9.865688E-15
5726.971917,9.824871E-15
5729.926002,9.826214E-15
5732.880088,9.822909E-15
5735.834173,9.788686E-15
5738.788259,9.798758E-15
5741.742344,9.838914E-15
5744.69643,9.806919E-15
5747.650516,9.729156E-15
5750.604601,9.671589E-15
5753.558687,9.618178E-15
5756.512772,9.604699E-15
5759.466858,9.607331E-15
5762.420943,9.587598E-15
5765.375029,9.565219E-15
5768.329114,9.510511E-15
5771.2832,9.48237e-15
5774.237285,9.477959E-15
5777.191371,9.452473E-15
5780.145456,9.37575e-15
5783.099542,9.292566E-15
5786.053627,9.257808E-15
5789.007713,9.235406E-15
5791.961798,9.260825E-15
5794.915884,9.279711E-15
5797.869969,9.299892E-15
5800.824055,9.319291E-15
5803.77814,9.320943E-15
5806.732226,9.286775E-15
5809.686311,9.234095E-15
5812.640397,9.197279E-15
5815.594482,9.207544E-15
5818.548568,9.268942E-15
5821.502653,9.234202E-15
5824.456739,9.086647E-15
5827.410824,9.029242E-15
5830.36491,9.040599E-15
5833.318995,9.052596E-15
5836.273081,9.075787E-15
5839.227166,9.077893E-15
5842.181252,9.050262E-15
5845.135337,9.026009E-15
5848.089423,9.029473E-15
5851.043508,9.041358E-15
5853.997594,9.010134E-15
5856.951679,8.931907E-15
5859.905765,8.9119e-15
5862.85985,8.93085e-15
5865.813936,8.939927E-15
5868.768021,8.936016E-15
5871.722107,8.913501E-15
5874.676192,8.924702E-15
5877.630278,8.920998E-15
5880.584363,8.850827E-15
5883.538449,8.753875E-15
5886.492534,8.713671E-15
5889.44662,8.708676E-15
5892.400706,8.719785E-15
5895.354791,8.725639E-15
5898.308877,8.732968E-15
5901.262962,8.762703E-15
5904.217048,8.812591E-15
5907.171133,8.842954E-15
5910.125219,8.877141E-15
5913.079304,8.903077E-15
5916.03339,8.914359E-15
5918.987475,8.928097E-15
5921.941561,8.93847e-15
5924.895646,8.946994E-15
5927.849732,8.996433E-15
5930.803817,9.048134E-15
5933.757903,9.033982E-15
5936.711988,8.994166E-15
5939.666074,8.96368e-15
5942.620159,8.961694E-15
5945.574245,8.972374E-15
5948.52833,8.970185E-15
5951.482416,8.993739E-15
5954.436501,8.999533E-15
5957.390587,8.971385E-15
5960.344672,8.953945E-15
5963.298758,8.943609E-15
5966.252843,8.942737E-15
5969.206929,8.943693E-15
5972.161014,8.915739E-15
5975.1151,8.906908E-15
5978.069185,8.959118E-15
5981.023271,8.989571E-15
5983.977356,8.996182E-15
5986.931442,9.038568E-15
5989.885527,9.101481E-15
5992.839613,9.115702E-15
5995.793698,9.081601E-15
5998.747784,9.083735E-15
6001.701869,9.106908E-15
6004.655955,9.112912E-15
6007.61004,9.123581E-15
6010.564126,9.083038E-15
6013.518211,9.028406E-15
6016.472297,9.068583E-15
6019.426382,9.141624E-15
6022.380468,9.17792e-15
6025.334553,9.170197E-15
6028.288639,9.129598E-15
6031.242724,9.108155E-15
6034.19681,9.108624E-15
6037.150895,9.134253E-15
6040.104981,9.171444E-15
6043.059067,9.190346E-15
6046.013152,9.1663e-15
6048.967238,9.136506E-15
6051.921323,9.162073E-15
6054.875409,9.183675E-15
6057.829494,9.156568E-15
6060.78358,9.115915E-15
6063.737665,9.088819E-15
6066.691751,9.119653E-15
6069.645836,9.163768E-15
6072.599922,9.145002E-15
6075.554007,9.120285E-15
6078.508093,9.134574E-15
6081.462178,9.164719E-15
6084.416264,9.169399E-15
6087.370349,9.136725E-15
6090.324435,9.127093E-15
6093.27852,9.154058E-15
6096.232606,9.176602E-15
6099.186691,9.194132E-15
6102.140777,9.212035E-15
6105.094862,9.227341E-15
6108.048948,9.220161E-15
6111.003033,9.181595E-15
6113.957119,9.182134E-15
6116.911204,9.253108E-15
6119.86529,9.298016E-15
6122.819375,9.280106E-15
6125.773461,9.256034E-15
6128.727546,9.239664E-15
6131.681632,9.241493E-15
6134.635717,9.273507E-15
6137.589803,9.296054E-15
6140.543888,9.290798E-15
6143.497974,9.293147E-15
6146.452059,9.315256E-15
6149.406145,9.300357E-15
6152.36023,9.24387e-15
6155.314316,9.200928E-15
6158.268401,9.206967E-15
6161.222487,9.268568E-15
6164.176572,9.308153E-15
6167.130658,9.263817E-15
6170.084743,9.231876E-15
6173.038829,9.257637E-15
6175.992914,9.265452E-15
6178.947,9.265504E-15
6181.901085,9.289336E-15
6184.855171,9.298433E-15
6187.809257,9.26992e-15
6190.763342,9.243496E-15
6193.717428,9.253584E-15
6196.671513,9.295511E-15
6199.625599,9.280202E-15
6202.579684,9.227877E-15
6205.53377,9.237795E-15
6208.487855,9.26002e-15
6211.441941,9.251851E-15
6214.396026,9.22303e-15
6217.350112,9.218798E-15
6220.304197,9.216948E-15
6223.258283,9.192052E-15
6226.212368,9.205716E-15
6229.166454,9.234187E-15
6232.120539,9.230883E-15
6235.074625,9.211955E-15
6238.02871,9.184575E-15
6240.982796,9.181867E-15
6243.936881,9.19059e-15
6246.890967,9.184424E-15
6249.845052,9.169666E-15
6252.799138,9.139034E-15
6255.753223,9.091819E-15
6258.707309,9.058443E-15
6261.661394,9.067941E-15
6264.61548,9.101777E-15
6267.569565,9.144323E-15
6270.523651,9.109975E-15
6273.477736,8.996077E-15
6276.431822,8.860649E-15
6279.385907,8.771062E-15
6282.339993,8.783429E-15
6285.294078,8.834674E-15
6288.248164,8.842392E-15
6291.202249,8.844351E-15
6294.156335,8.846524E-15
6297.11042,8.82388e-15
6300.064506,8.826067E-15
6303.018591,8.874401E-15
6305.972677,8.902559E-15
6308.926762,8.848567E-15
6311.880848,8.793138E-15
6314.834933,8.771672E-15
6317.789019,8.778699E-15
6320.743104,8.825241E-15
6323.69719,8.841951E-15
6326.651275,8.811381E-15
6329.605361,8.777062E-15
6332.559446,8.747189E-15
6335.513532,8.733898E-15
6338.467618,8.736888E-15
6341.421703,8.730887E-15
6344.375789,8.737285E-15
6347.329874,8.750661E-15
6350.28396,8.732717E-15
6353.238045,8.693347E-15
6356.192131,8.662717E-15
6359.146216,8.669633E-15
6362.100302,8.692222E-15
6365.054387,8.66437e-15
6368.008473,8.622359E-15
6370.962558,8.625547E-15
6373.916644,8.593832E-15
6376.870729,8.556675E-15
6379.824815,8.581042E-15
6382.7789,8.591468E-15
6385.732986,8.585048E-15
6388.687071,8.57192e-15
6391.641157,8.550811E-15
6394.595242,8.552801E-15
6397.549328,8.577856E-15
6400.503413,8.585463E-15
6403.457499,8.575761E-15
6406.411584,8.526055E-15
6409.36567,8.459121E-15
6412.319755,8.447709E-15
6415.273841,8.448313E-15
6418.227926,8.449067E-15
6421.182012,8.484127E-15
6424.136097,8.502021E-15
6427.090183,8.492821E-15
6430.044268,8.482574E-15
6432.998354,8.458857E-15
6435.952439,8.433307E-15
6438.906525,8.395384E-15
6441.86061,8.316175E-15
6444.814696,8.305209E-15
6447.768781,8.342334E-15
6450.722867,8.29037e-15
6453.676952,8.222602E-15
6456.631038,8.225253E-15
6459.585123,8.213122E-15
6462.539209,8.168361E-15
6465.493294,8.161269E-15
6468.44738,8.174602E-15
6471.401465,8.12797e-15
6474.355551,8.053695E-15
6477.309636,8.043493E-15
6480.263722,8.061388E-15
6483.217808,8.060737E-15
6486.171893,8.035118E-15
6489.125979,8.013642E-15
6492.080064,8.027165E-15
6495.03415,8.026611E-15
6497.988235,7.999919E-15
6500.942321,7.972293E-15
6503.896406,7.945811E-15
6506.850492,7.921702E-15
6509.804577,7.911145E-15
6512.758663,7.886955E-15
6515.712748,7.850157E-15
6518.666834,7.832968E-15
6521.620919,7.830748E-15
6524.575005,7.813462E-15
6527.52909,7.789205E-15
6530.483176,7.787103E-15
6533.437261,7.76878e-15
6536.391347,7.73869e-15
6539.345432,7.739138E-15
6542.299518,7.716985E-15
6545.253603,7.69624e-15
6548.207689,7.691034E-15
6551.161774,7.679334E-15
6554.11586,7.64197e-15
6557.069945,7.587979E-15
6560.024031,7.554225E-15
6562.978116,7.544616E-15
6565.932202,7.542534E-15
6568.886287,7.528099E-15
6571.840373,7.512657E-15
6574.794458,7.506169E-15
6577.748544,7.506449E-15
6580.702629,7.502827E-15
6583.656715,7.450332E-15
6586.6108,7.422307E-15
6589.564886,7.440401E-15
6592.518971,7.382062E-15
6595.473057,7.341694E-15
6598.427142,7.356004E-15
6601.381228,7.379809E-15
6604.335313,7.385492E-15
6607.289399,7.327999E-15
6610.243484,7.277648E-15
6613.19757,7.309705E-15
6616.151655,7.34428e-15
6619.105741,7.369539E-15
6622.059826,7.388148E-15
6625.013912,7.28354e-15
6627.967998,7.13013e-15
6630.922083,7.089955E-15
6633.876169,7.118879E-15
6636.830254,7.159513E-15
6639.78434,7.185776E-15
6642.738425,7.170284E-15
6645.692511,7.125455E-15
6648.646596,7.069184E-15
6651.600682,7.018992E-15
6654.554767,6.988378E-15
6657.508853,6.984016E-15
6660.462938,6.987653E-15
6663.417024,6.986489E-15
6666.371109,6.954911E-15
6669.325195,6.934285E-15
6672.27928,6.923307E-15
6675.233366,6.902246E-15
6678.187451,6.908802E-15
6681.141537,6.889378E-15
6684.095622,6.826445E-15
6687.049708,6.802716E-15
6690.003793,6.80281e-15
6692.957879,6.786501E-15
6695.911964,6.732019E-15
6698.86605,6.661418E-15
6701.820135,6.661129E-15
6704.774221,6.716577E-15
6707.728306,6.709123E-15
6710.682392,6.654288E-15
6713.636477,6.6306e-15
6716.590563,6.624658E-15
6719.544648,6.577217E-15
6722.498734,6.534493E-15
6725.452819,6.534351E-15
6728.406905,6.534234E-15
6731.36099,6.512793E-15
6734.315076,6.47713e-15
6737.269161,6.485752E-15
6740.223247,6.513435E-15
6743.177332,6.462201E-15
6746.131418,6.391739E-15
6749.085503,6.379761E-15
6752.039589,6.391291E-15
6754.993674,6.408359E-15
6757.94776,6.443996E-15
6760.901845,6.447115E-15
6763.855931,6.371309E-15
6766.810016,6.297136E-15
6769.764102,6.296935E-15
6772.718187,6.317866E-15
6775.672273,6.29983e-15
6778.626359,6.252123E-15
6781.580444,6.177674E-15
6784.53453,6.117121E-15
6787.488615,6.139669E-15
6790.442701,6.171505E-15
6793.396786,6.142536E-15
6796.350872,6.085078E-15
6799.304957,6.05173e-15
6802.259043,6.045615E-15
6805.213128,6.043612E-15
6808.167214,6.020571E-15
6811.121299,5.978032E-15
6814.075385,5.933171E-15
6817.02947,5.87317e-15
6819.983556,5.814451E-15
6822.937641,5.794963E-15
6825.891727,5.823163E-15
6828.845812,5.837516E-15
6831.799898,5.781343E-15
6834.753983,5.727559E-15
6837.708069,5.714084E-15
6840.662154,5.703972E-15
6843.61624,5.683273E-15
6846.570325,5.677498E-15
6849.524411,5.645219E-15
6852.478496,5.612946E-15
6855.432582,5.580667E-15
6858.386667,5.548388E-15
6861.340753,5.516109E-15
6864.294838,5.48383e-15
6867.248924,5.451551E-15
6870.203009,5.419272E-15
6873.157095,5.386994E-15
6876.11118,5.354715E-15
6879.065266,5.322442E-15
6882.019351,5.290162E-15
6884.973437,5.257884E-15
6887.927522,5.225605E-15
6890.881608,5.193326E-15
6893.835693,5.161047E-15
6896.789779,5.128768E-15
6899.743864,5.130732E-15
6902.69795,5.160052E-15
6905.652035,5.23e-15
6908.606121,5.294682E-15
6911.560206,5.29133e-15
6914.514292,5.270674E-15
6917.468377,5.23988e-15
6920.422463,5.146347E-15
6923.376549,5.042068E-15
6926.330634,4.980425E-15
6929.28472,4.942418E-15
6932.238805,4.911595E-15
6935.192891,4.891204E-15
6938.146976,4.915103E-15
6941.101062,4.923609E-15
6944.055147,4.855719E-15
6947.009233,4.7985e-15
6949.963318,4.773087E-15
6952.917404,4.685663E-15
6955.871489,4.611244E-15
6958.825575,4.597499E-15
6961.77966,4.587976E-15
6964.733746,4.579622E-15
6967.687831,4.577065E-15
6970.641917,4.587046E-15
6973.596002,4.582494E-15
6976.550088,4.549929E-15
6979.504173,4.509256E-15
6982.458259,4.456829E-15
6985.412344,4.364159E-15
6988.36643,4.322015E-15
6991.320515,4.343199E-15
6994.274601,4.343095E-15
6997.228686,4.309756E-15
7000.182772,4.283582E-15
7003.136857,4.269423E-15
7006.090943,4.236272E-15
7009.045028,4.173181E-15
7011.999114,4.102831E-15
7014.953199,4.073038E-15
7017.907285,4.098981E-15
7020.86137,4.104695E-15
7023.815456,4.082748E-15
7026.769541,4.069714E-15
7029.723627,4.065281E-15
7032.677712,4.041435E-15
7035.631798,4.024213E-15
7038.585883,4.008171E-15
7041.539969,3.970404E-15
7044.494054,3.948901E-15
7047.44814,3.959108E-15
7050.402225,3.974532E-15
7053.356311,3.970838E-15
7056.310396,3.948886E-15
7059.264482,3.93824e-15
7062.218567,3.920337E-15
7065.172653,3.876343E-15
7068.126738,3.856443E-15
7071.080824,3.87222e-15
7074.03491,3.861157E-15
7076.988995,3.85179e-15
7079.943081,3.880659E-15
7082.897166,3.8959e-15
7085.851252,3.869943E-15
7088.805337,3.818242E-15
7091.759423,3.773644E-15
7094.713508,3.778152E-15
7097.667594,3.801241E-15
7100.621679,3.778762E-15
7103.575765,3.730608E-15
7106.52985,3.701022E-15
7109.483936,3.69145e-15
7112.438021,3.712145E-15
7115.392107,3.729511E-15
7118.346192,3.720852E-15
7121.300278,3.695626E-15
7124.254363,3.650239E-15
7127.208449,3.620564E-15
7130.162534,3.610466E-15
7133.11662,3.596788E-15
7136.070705,3.615347E-15
7139.024791,3.642118E-15
7141.978876,3.610029E-15
7144.932962,3.560004E-15
7147.887047,3.53233e-15
7150.841133,3.491888E-15
7153.795218,3.460971E-15
7156.749304,3.434546E-15
7159.703389,3.373911E-15
7162.657475,3.332429E-15
7165.61156,3.315875E-15
7168.565646,3.287405E-15
7171.519731,3.274355E-15
7174.473817,3.267497E-15
7177.427902,3.257221E-15
7180.381988,3.281601E-15
7183.336073,3.28906e-15
7186.290159,3.244184E-15
7189.244244,3.217295E-15
7192.19833,3.248177E-15
7195.152415,3.300083E-15
7198.106501,3.327247E-15
7201.060586,3.330941E-15
7204.014672,3.344111E-15
7206.968757,3.384188E-15
7209.922843,3.440665E-15
7212.876928,3.475502E-15
7215.831014,3.443684E-15
7218.7851,3.346549E-15
7221.739185,3.247478E-15
7224.693271,3.210975E-15
7227.647356,3.225861E-15
7230.601442,3.20086e-15
7233.555527,3.123082E-15
7236.509613,3.109411E-15
7239.463698,3.201407E-15
7242.417784,3.258092E-15
7245.371869,3.249543E-15
7248.325955,3.267316E-15
7251.28004,3.262121E-15
7254.234126,3.236623E-15
7257.188211,3.240062E-15
7260.142297,3.258685E-15
7263.096382,3.280698E-15
7266.050468,3.308119E-15
7269.004553,3.328755E-15
7271.958639,3.31514e-15
7274.912724,3.266203E-15
7277.86681,3.230238E-15
7280.820895,3.265087E-15
7283.774981,3.337652E-15
7286.729066,3.324906E-15
7289.683152,3.211296E-15
7292.637237,3.140533E-15
7295.591323,3.176186E-15
7298.545408,3.24047e-15
7301.499494,3.245265E-15
7304.453579,3.200067E-15
7307.407665,3.164384E-15
7310.36175,3.165349E-15
7313.315836,3.181981E-15
7316.269921,3.199487E-15
7319.224007,3.240684E-15
7322.178092,3.268518E-15
7325.132178,3.257068E-15
7328.086263,3.242202E-15
7331.040349,3.24232e-15
7333.994434,3.245241E-15
7336.94852,3.250575E-15
7339.902605,3.26006e-15
7342.856691,3.267969E-15
7345.810776,3.262227E-15
7348.764862,3.249778E-15
7351.718947,3.248301E-15
7354.673033,3.235035E-15
7357.627118,3.22238e-15
7360.581204,3.237256E-15
7363.53529,3.244441E-15
7366.489375,3.252766E-15
7369.443461,3.295468E-15
7372.397546,3.331082E-15
7375.351632,3.332471E-15
7378.305717,3.322819E-15
7381.259803,3.336803E-15
7384.213888,3.357791E-15
7387.167974,3.356837E-15
7390.122059,3.336606E-15
7393.076145,3.310913E-15
7396.03023,3.297156E-15
7398.984316,3.294934E-15
7401.938401,3.304127E-15
7404.892487,3.314662E-15
7407.846572,3.301885E-15
7410.800658,3.290843E-15
7413.754743,3.290711E-15
7416.708829,3.286525E-15
7419.662914,3.292119E-15
7422.617,3.285885E-15
7425.571085,3.272483E-15
7428.525171,3.281e-15
7431.479256,3.279806E-15
7434.433342,3.289033E-15
7437.387427,3.301994E-15
7440.341513,3.284962E-15
7443.295598,3.282856E-15
7446.249684,3.271422E-15
7449.203769,3.245266E-15
7452.157855,3.258795E-15
7455.11194,3.267069E-15
7458.066026,3.263295E-15
7461.020111,3.265194E-15
7463.974197,3.245697E-15
7466.928282,3.248433E-15
7469.882368,3.287058E-15
7472.836453,3.300965E-15
7475.790539,3.279774E-15
7478.744624,3.253466E-15
7481.69871,3.229936E-15
7484.652795,3.22779e-15
7487.606881,3.251185E-15
7490.560966,3.255796E-15
7493.515052,3.233726E-15
7496.469137,3.210093E-15
7499.423223,3.233491E-15
7502.377308,3.273813E-15
7505.331394,3.270115E-15
7508.285479,3.286844E-15
7511.239565,3.351267E-15
7514.193651,3.378743E-15
7517.147736,3.343431E-15
7520.101822,3.304758E-15
7523.055907,3.290387E-15
7526.009993,3.294244E-15
7528.964078,3.297976E-15
7531.918164,3.300934E-15
7534.872249,3.312489E-15
7537.826335,3.343329E-15
7540.78042,3.374632E-15
7543.734506,3.390397E-15
7546.688591,3.408667E-15
7549.642677,3.400574E-15
7552.596762,3.350903E-15
7555.550848,3.307542E-15
7558.504933,3.286694E-15
7561.459019,3.268869E-15
7564.413104,3.267286E-15
7567.36719,3.290026E-15
7570.321275,3.320247E-15
7573.275361,3.34658e-15
7576.229446,3.358819E-15
7579.183532,3.371453E-15
7582.137617,3.372574E-15
7585.091703,3.327313E-15
7588.045788,3.296631E-15
7590.999874,3.265949E-15
7593.953959,3.235268E-15
7596.908045,3.204586E-15
7599.86213,3.173904E-15
7602.816216,3.143228E-15
7605.770301,3.112546E-15
7608.724387,3.081864E-15
7611.678472,3.051183E-15
7614.632558,3.020501E-15
7617.586643,2.989819E-15
7620.540729,2.959137E-15
7623.494814,2.928456E-15
7626.4489,2.897774E-15
7629.402985,2.867097E-15
7632.357071,2.920526E-15
7635.311156,3.186016E-15
7638.265242,3.463983E-15
7641.219327,3.719401E-15
7644.173413,3.931892E-15
7647.127498,4.030893E-15
7650.081584,4.03163e-15
7653.035669,3.977601E-15
7655.989755,3.861582E-15
7658.943841,3.700808E-15
7661.897926,3.599267E-15
7664.852012,3.6193e-15
7667.806097,3.644739E-15
7670.760183,3.629523E-15
7673.714268,3.654962E-15
7676.668354,3.710371E-15
7679.622439,3.71966e-15
7682.576525,3.649558E-15
7685.53061,3.559815E-15
7688.484696,3.485073E-15
7691.438781,3.406146E-15
7694.392867,3.349653E-15
7697.346952,3.313623E-15
7700.301038,3.292628E-15
7703.255123,3.301646E-15
7706.209209,3.343727E-15
7709.163294,3.437673E-15
7712.11738,3.546589E-15
7715.071465,3.621272E-15
7718.025551,3.619056E-15
7720.979636,3.589816E-15
7723.933722,3.573853E-15
7726.887807,3.536303E-15
7729.841893,3.507818E-15
7732.795978,3.527029E-15
7735.750064,3.555326E-15
7738.704149,3.567437E-15
7741.658235,3.572042E-15
7744.61232,3.593652E-15
7747.566406,3.61743e-15
7750.520491,3.626904E-15
7753.474577,3.635675E-15
7756.428662,3.623033E-15
7759.382748,3.590145E-15
7762.336833,3.574396E-15
7765.290919,3.58466e-15
7768.245004,3.598627E-15
7771.19909,3.5955e-15
7774.153175,3.592039E-15
7777.107261,3.611179E-15
7780.061346,3.657717E-15
7783.015432,3.704767E-15
7785.969517,3.667638E-15
7788.923603,3.610377E-15
7791.877688,3.647435E-15
7794.831774,3.688192E-15
7797.785859,3.666576E-15
7800.739945,3.624879E-15
7803.69403,3.606957E-15
7806.648116,3.635155E-15
7809.602202,3.674943E-15
7812.556287,3.692766E-15
7815.510373,3.694838E-15
7818.464458,3.682485E-15
7821.418544,3.658043E-15
7824.372629,3.65249e-15
7827.326715,3.680409E-15
7830.2808,3.690379E-15
7833.234886,3.694705E-15
7836.188971,3.716614E-15
7839.143057,3.692699E-15
7842.097142,3.661977E-15
7845.051228,3.683114E-15
7848.005313,3.689639E-15
7850.959399,3.660279E-15
7853.913484,3.66349e-15
7856.86757,3.689985E-15
7859.821655,3.698624E-15
7862.775741,3.740772E-15
7865.729826,3.812899E-15
7868.683912,3.808577E-15
7871.637997,3.767913E-15
7874.592083,3.767463E-15
7877.546168,3.764273E-15
7880.500254,3.742418E-15
7883.454339,3.706629E-15
7886.408425,3.670154E-15
7889.36251,3.67909e-15
7892.316596,3.721074E-15
7895.270681,3.78985e-15
7898.224767,3.855953E-15
7901.178852,3.840862E-15
7904.132938,3.846728E-15
7907.087023,3.932751E-15
7910.041109,3.976929E-15
7912.995194,3.963101E-15
7915.94928,3.943887E-15
7918.903365,3.881093E-15
7921.857451,3.823416E-15
7924.811536,3.834563E-15
7927.765622,3.872592E-15
7930.719707,3.950248E-15
7933.673793,4.053275E-15
7936.627878,4.097209E-15
7939.581964,4.111647E-15
7942.536049,4.134621E-15
7945.490135,4.141935E-15
7948.44422,4.091642E-15
7951.398306,4.003765E-15
7954.352392,3.94135e-15
7957.306477,3.945406E-15
7960.260563,3.994873E-15
7963.214648,4.037616E-15
7966.168734,4.094816E-15
7969.122819,4.176944E-15
7972.076905,4.224814E-15
7975.03099,4.2374e-15
7977.985076,4.220249E-15
7980.939161,4.192462E-15
7983.893247,4.153416E-15
7986.847332,4.103402E-15
7989.801418,4.061458E-15
7992.755503,4.051487E-15
7995.709589,4.088925E-15
7998.663674,4.156149E-15
8001.61776,4.236617E-15
8004.571845,4.312058E-15
8007.525931,4.328991E-15
8010.480016,4.323076E-15
8013.434102,4.347618E-15
8016.388187,4.352361E-15
8019.342273,4.288458E-15
8022.296358,4.222486E-15
8025.250444,4.184408E-15
8028.204529,4.187118E-15
8031.158615,4.246966E-15
8034.1127,4.318969E-15
8037.066786,4.371358E-15
8040.020871,4.419784E-15
8042.974957,4.480066E-15
8045.929042,4.502194E-15
8048.883128,4.476771E-15
8051.837213,4.474917E-15
8054.791299,4.460706E-15
8057.745384,4.408751E-15
8060.69947,4.352909E-15
8063.653555,4.31978e-15
8066.607641,4.34418e-15
8069.561726,4.407047E-15
8072.515812,4.453598E-15
8075.469897,4.4771e-15
8078.423983,4.483311E-15
8081.378068,4.487113E-15
8084.332154,4.51728e-15
8087.286239,4.550892E-15
8090.240325,4.511635E-15
8093.19441,4.443801E-15
8096.148496,4.449074E-15
8099.102582,4.497924E-15
8102.056667,4.504256E-15
8105.010753,4.467749E-15
8107.964838,4.422689E-15
8110.918924,4.412007E-15
8113.873009,4.427093E-15
8116.827095,4.39568e-15
8119.78118,4.353271E-15
8122.735266,4.367434E-15
8125.689351,4.427431E-15
8128.643437,4.470505E-15
8131.597522,4.458969E-15
8134.551608,4.395446E-15
8137.505693,4.330039E-15
8140.459779,4.267437E-15
8143.413864,4.197102E-15
8146.36795,4.138767E-15
8149.322035,4.10689e-15
8152.276121,4.085444E-15
8155.230206,4.058076E-15
8158.184292,4.069926E-15
8161.138377,4.088989E-15
8164.092463,4.113953E-15
8167.046548,4.231348E-15
8170.000634,4.368183E-15
8172.954719,4.394043E-15
8175.908805,4.319373E-15
8178.86289,4.219376E-15
8181.816976,4.163366E-15
8184.771061,4.170888E-15
8187.725147,4.169743E-15
8190.679232,4.143113E-15
8193.633318,4.173444E-15
8196.587403,4.271031E-15
8199.541489,4.369315E-15
8202.495574,4.47738e-15
8205.44966,4.645682E-15
8208.403745,4.736861E-15
8211.357831,4.693288E-15
8214.311916,4.644635E-15
8217.266002,4.597754E-15
8220.220087,4.492933E-15
8223.174173,4.304402E-15
8226.128258,4.017866E-15
8229.082344,3.846573E-15
8232.036429,3.945541E-15
8234.990515,4.188052E-15
8237.9446,4.390912E-15
8240.898686,4.510755E-15
8243.852771,4.575337E-15
8246.806857,4.630733E-15
8249.760943,4.678567E-15
8252.715028,4.633742E-15
8255.669114,4.535401E-15
8258.623199,4.52762e-15
8261.577285,4.581373E-15
8264.53137,4.623101E-15
8267.485456,4.652459E-15
8270.439541,4.601158E-15
8273.393627,4.497418E-15
8276.347712,4.425414E-15
8279.301798,4.398039E-15
8282.255883,4.404741E-15
8285.209969,4.392842E-15
8288.164054,4.375871E-15
8291.11814,4.405185E-15
8294.072225,4.458072E-15
8297.026311,4.520711E-15
8299.980396,4.59621e-15
8302.934482,4.624723E-15
8305.888567,4.623077E-15
8308.842653,4.652706E-15
8311.796738,4.597348E-15
8314.750824,4.457833E-15
8317.704909,4.361245E-15
8320.658995,4.327764E-15
8323.61308,4.344026E-15
8326.567166,4.401631E-15
8329.521251,4.461252E-15
8332.475337,4.51361e-15
8335.429422,4.551141E-15
8338.383508,4.569556E-15
8341.337593,4.633087E-15
8344.291679,4.741039E-15
8347.245764,4.768578E-15
8350.19985,4.730701E-15
8353.153935,4.687153E-15
8356.108021,4.577474E-15
8359.062106,4.474024E-15
8362.016192,4.451344E-15
8364.970277,4.475413E-15
8367.924363,4.512539E-15
8370.878448,4.555613E-15
8373.832534,4.5881e-15
8376.786619,4.597767E-15
8379.740705,4.603334E-15
8382.69479,4.623257E-15
8385.648876,4.634654E-15
8388.602961,4.599761E-15
8391.557047,4.554609E-15
8394.511133,4.519927E-15
8397.465218,4.477067E-15
8400.419304,4.434567E-15
8403.373389,4.407632E-15
8406.327475,4.420349E-15
8409.28156,4.475863E-15
8412.235646,4.466425E-15
8415.189731,4.393152E-15
8418.143817,4.386018E-15
8421.097902,4.396307E-15
8424.051988,4.402887E-15
8427.006073,4.419773E-15
8429.960159,4.455697E-15
8432.914244,4.471563E-15
8435.86833,4.434387E-15
8438.822415,4.420399E-15
8441.776501,4.464801E-15
8444.730586,4.486916E-15
8447.684672,4.44306e-15
8450.638757,4.383185E-15
8453.592843,4.350695E-15
8456.546928,4.33953e-15
8459.501014,4.297478E-15
8462.455099,4.251407E-15
8465.409185,4.274216E-15
8468.36327,4.353185E-15
8471.317356,4.384822E-15
8474.271441,4.32337e-15
8477.225527,4.312183E-15
8480.179612,4.387871E-15
8483.133698,4.406635E-15
8486.087783,4.387678E-15
8489.041869,4.365197E-15
8491.995954,4.363595E-15
8494.95004,4.347926E-15
8497.904125,4.267367E-15
8500.858211,4.20983e-15
8503.812296,4.205996E-15
8506.766382,4.14888e-15
8509.720467,4.106738E-15
8512.674553,4.150134E-15
8515.628638,4.1987e-15
8518.582724,4.225089E-15
8521.536809,4.232918E-15
8524.490895,4.242002E-15
8527.44498,4.225864E-15
8530.399066,4.174092E-15
8533.353151,4.134405E-15
8536.307237,4.104e-15
8539.261322,4.054513E-15
8542.215408,3.998382E-15
8545.169494,3.973895E-15
8548.123579,3.970719E-15
8551.077665,3.98883e-15
8554.03175,4.030375E-15
8556.985836,4.052396E-15
8559.939921,4.064224E-15
8562.894007,4.066221E-15
8565.848092,4.069644E-15
8568.802178,4.070564E-15
8571.756263,4.053186E-15
8574.710349,4.053499E-15
8577.664434,4.062654E-15
8580.61852,4.047612E-15
8583.572605,4.027745E-15
8586.526691,4.032851E-15
8589.480776,4.041849E-15
8592.434862,4.041434E-15
8595.388947,4.052806E-15
8598.343033,4.04752e-15
8601.297118,4.0035e-15
8604.251204,3.956317E-15
8607.205289,3.963994E-15
8610.159375,3.952251E-15
8613.11346,3.91858e-15
8616.067546,3.915371E-15
8619.021631,3.933697E-15
8621.975717,3.972193E-15
8624.929802,4.015541E-15
8627.883888,4.017601E-15
8630.837973,3.994313E-15
8633.792059,3.964573E-15
8636.746144,3.883648E-15
8639.70023,3.80328e-15
8642.654315,3.802398E-15
8645.608401,3.841317E-15
8648.562486,3.869177E-15
8651.516572,3.898113E-15
8654.470657,3.89785e-15
8657.424743,3.836739E-15
8660.378828,3.790434E-15
8663.332914,3.837167E-15
8666.286999,3.919362E-15
8669.241085,3.929708E-15
8672.19517,3.89047e-15
8675.149256,3.852701E-15
8678.103341,3.817655E-15
8681.057427,3.748765E-15
8684.011512,3.685778E-15
8686.965598,3.663628E-15
8689.919684,3.657545E-15
8692.873769,3.685268E-15
8695.827855,3.717004E-15
8698.78194,3.699477E-15
8701.736026,3.675594E-15
8704.690111,3.702071E-15
8707.644197,3.808879E-15
8710.598282,3.889133E-15
8713.552368,3.832289E-15
8716.506453,3.773387E-15
8719.460539,3.756445E-15
8722.414624,3.701064E-15
8725.36871,3.623789E-15
8728.322795,3.561413E-15
8731.276881,3.525582E-15
8734.230966,3.521647E-15
8737.185052,3.541184E-15
8740.139137,3.601623E-15
8743.093223,3.678324E-15
8746.047308,3.700689E-15
8749.001394,3.688846E-15
8751.955479,3.694433E-15
8754.909565,3.723808E-15
8757.86365,3.762853E-15
8760.817736,3.766598E-15
8763.771821,3.740189E-15
8766.725907,3.69936e-15
8769.679992,3.642599E-15
8772.634078,3.616562E-15
8775.588163,3.628133E-15
8778.542249,3.619812E-15
8781.496334,3.60584e-15
8784.45042,3.616248E-15
8787.404505,3.621901E-15
8790.358591,3.64498e-15
8793.312676,3.6889e-15
8796.266762,3.695857E-15
8799.220847,3.688347E-15
8802.174933,3.681915E-15
8805.129018,3.64259e-15
8808.083104,3.582115E-15
8811.037189,3.550452E-15
8813.991275,3.568716E-15
8816.94536,3.58939e-15
8819.899446,3.573099E-15
8822.853531,3.576697E-15
8825.807617,3.603503E-15
8828.761702,3.587174E-15
8831.715788,3.584436E-15
8834.669874,3.628482E-15
8837.623959,3.647692E-15
8840.578045,3.637308E-15
8843.53213,3.612185E-15
8846.486216,3.618388E-15
8849.440301,3.687405E-15
8852.394387,3.708107E-15
8855.348472,3.661551E-15
8858.302558,3.599046E-15
8861.256643,3.557106E-15
8864.210729,3.549392E-15
8867.164814,3.509157E-15
8870.1189,3.472251E-15
8873.072985,3.485011E-15
8876.027071,3.504655E-15
8878.981156,3.486942E-15
8881.935242,3.499318E-15
8884.889327,3.543268E-15
8887.843413,3.515284E-15
8890.797498,3.504481E-15
8893.751584,3.551731E-15
8896.705669,3.54637e-15
8899.659755,3.527247E-15
8902.61384,3.517632E-15
8905.567926,3.484489E-15
8908.522011,3.50281e-15
8911.476097,3.566368E-15
8914.430182,3.560353E-15
8917.384268,3.486508E-15
8920.338353,3.408218E-15
8923.292439,3.331e-15
8926.246524,3.278823E-15
8929.20061,3.285542E-15
8932.154695,3.308043E-15
8935.108781,3.315931E-15
8938.062866,3.365741E-15
8941.016952,3.419784E-15
8943.971037,3.382807E-15
8946.925123,3.344413E-15
8949.879208,3.352297E-15
8952.833294,3.293133E-15
8955.787379,3.158801E-15
8958.741465,3.076835E-15
8961.69555,3.076385E-15
8964.649636,3.054329E-15
8967.603721,3.027459E-15
8970.557807,3.042929E-15
8973.511892,3.003923E-15
8976.465978,2.974838E-15
8979.420063,3.01291e-15
8982.374149,3.038834E-15
8985.328235,3.041614E-15
8988.28232,3.08219e-15
8991.236406,3.156093E-15
8994.190491,3.155648E-15
8997.144577,3.022691E-15
9000.098662,2.890548E-15
9003.052748,2.841344E-15
9006.006833,2.801378E-15
9008.960919,2.758721E-15
9011.915004,2.752518E-15
9014.86909,2.758089E-15
9017.823175,2.777517E-15
9020.777261,2.848591E-15
9023.731346,2.972509E-15
9026.685432,3.133193E-15
9029.639517,3.264635E-15
9032.593603,3.329554E-15
9035.547688,3.352825E-15
9038.501774,3.33092e-15
9041.455859,3.307464E-15
9044.409945,3.269663E-15
9047.36403,3.191832E-15
9050.318116,3.103789E-15
9053.272201,3.021306E-15
9056.226287,2.967e-15
9059.180372,2.939189E-15
9062.134458,2.904849E-15
9065.088543,2.844228E-15
9068.042629,2.779597E-15
9070.996714,2.824948E-15
9073.9508,2.991172E-15
9076.904885,3.091664E-15
9079.858971,3.0434e-15
9082.813056,2.939559E-15
9085.767142,2.900302E-15
9088.721227,2.914318E-15
9091.675313,2.910897E-15
9094.629398,2.892249E-15
9097.583484,2.868451E-15
9100.537569,2.800214E-15
9103.491655,2.740722E-15
9106.44574,2.741172E-15
9109.399826,2.729829E-15
9112.353911,2.709694E-15
9115.307997,2.756697E-15
9118.262082,2.832046E-15
9121.216168,2.828346E-15
9124.170253,2.770364E-15
9127.124339,2.742354E-15
9130.078425,2.752008E-15
9133.03251,2.780921E-15
9135.986596,2.818762E-15
9138.940681,2.831243E-15
9141.894767,2.776427E-15
9144.848852,2.662333E-15
9147.802938,2.549466E-15
9150.757023,2.506719E-15
9153.711109,2.573831E-15
9156.665194,2.682012E-15
9159.61928,2.748231E-15
9162.573365,2.78757e-15
9165.527451,2.780795E-15
9168.481536,2.719972E-15
9171.435622,2.666784E-15
9174.389707,2.700834E-15
9177.343793,2.764632E-15
9180.297878,2.771699E-15
9183.251964,2.74967e-15
9186.206049,2.717161E-15
9189.160135,2.714181E-15
9192.11422,2.777377E-15
9195.068306,2.845025E-15
9198.022391,2.893785E-15
9200.976477,2.91103e-15
9203.930562,2.857023E-15
9206.884648,2.780874E-15
9209.838733,2.809505E-15
9212.792819,2.949281E-15
9215.746904,3.080701E-15
9218.70099,3.130934E-15
9221.655075,3.077185E-15
9224.609161,2.969592E-15
9227.563246,2.883088E-15
9230.517332,2.791059E-15
9233.471417,2.69772e-15
9236.425503,2.647322E-15
9239.379588,2.668692E-15
9242.333674,2.735295E-15
9245.287759,2.790167E-15
9248.241845,2.848988E-15
9251.19593,2.909837E-15
9254.150016,2.945127E-15
9257.104101,3.001794E-15
9260.058187,3.031251E-15
9263.012272,2.959908E-15
9265.966358,2.836906E-15
9268.920443,2.696929E-15
9271.874529,2.571592E-15
9274.828615,2.502318E-15
9277.7827,2.46687e-15
9280.736786,2.414815E-15
9283.690871,2.360987E-15
9286.644957,2.337853E-15
9289.599042,2.271192E-15
9292.553128,2.161725E-15
9295.507213,2.152637E-15
9298.461299,2.19032e-15
9301.415384,2.151365E-15
9304.36947,2.074046E-15
9307.323555,1.973354E-15
9310.277641,1.853812E-15
9313.231726,1.755935E-15
9316.185812,1.702462E-15
9319.139897,1.656753E-15
9322.093983,1.610002E-15
9325.048068,1.54927e-15
9328.002154,1.495016E-15
9330.956239,1.430847E-15
9333.910325,1.331738E-15
9336.86441,1.312269E-15
9339.818496,1.479219E-15
9342.772581,1.697832E-15
9345.726667,1.740345E-15
9348.680752,1.644838E-15
9351.634838,1.622498E-15
9354.588923,1.677731E-15
9357.543009,1.660077E-15
9360.497094,1.538007E-15
9363.45118,1.446032E-15
9366.405265,1.473316E-15
9369.359351,1.51327e-15
9372.313436,1.500308E-15
9375.267522,1.553925E-15
9378.221607,1.768114E-15
9381.175693,2.04656e-15
9384.129778,2.239484E-15
9387.083864,2.339157E-15
9390.037949,2.361749E-15
9392.992035,2.308918E-15
9395.94612,2.251368E-15
9398.900206,2.204549E-15
9401.854291,2.152658E-15
9404.808377,2.10575e-15
9407.762462,2.067266E-15
9410.716548,2.02334e-15
9413.670633,1.894693E-15
9416.624719,1.700807E-15
9419.578804,1.587023E-15
9422.53289,1.613283E-15
9425.486976,1.713833E-15
9428.441061,1.769895E-15
9431.395147,1.724471E-15
9434.349232,1.656565E-15
9437.303318,1.688418E-15
9440.257403,1.82208e-15
9443.211489,1.908464E-15
9446.165574,1.85132e-15
9449.11966,1.726562E-15
9452.073745,1.6308e-15
9455.027831,1.58865e-15
9457.981916,1.618229E-15
9460.936002,1.737148E-15
9463.890087,1.82103e-15
9466.844173,1.799057E-15
9469.798258,1.723826E-15
9472.752344,1.651889E-15
9475.706429,1.644774E-15
9478.660515,1.730419E-15
9481.6146,1.835815E-15
9484.568686,1.832884E-15
9487.522771,1.741788E-15
9490.476857,1.689529E-15
9493.430942,1.716292E-15
9496.385028,1.785295E-15
9499.339113,1.852517E-15
9502.293199,1.855841E-15
9505.247284,1.754819E-15
9508.20137,1.599467E-15
9511.155455,1.509784E-15
9514.109541,1.573534E-15
9517.063626,1.722057E-15
9520.017712,1.828759E-15
9522.971797,1.909698E-15
9525.925883,1.996711E-15
9528.879968,2.038594E-15
9531.834054,1.990883E-15
9534.788139,1.912646E-15
9537.742225,1.839647E-15
9540.69631,1.751552E-15
9543.650396,1.711518E-15
9546.604481,1.664279E-15
9549.558567,1.570358E-15
9552.512652,1.539492E-15
9555.466738,1.621255E-15
9558.420823,1.699983E-15
9561.374909,1.732914E-15
9564.328994,1.757451E-15
9567.28308,1.787962E-15
9570.237166,1.832714E-15
9573.191251,1.847285E-15
9576.145337,1.792783E-15
9579.099422,1.715359E-15
9582.053508,1.67294e-15
9585.007593,1.637438E-15
9587.961679,1.584868E-15
9590.915764,1.570877E-15
9593.86985,1.58441e-15
9596.823935,1.566493E-15
9599.778021,1.551483E-15
9602.732106,1.585376E-15
9605.686192,1.643925E-15
9608.640277,1.712472E-15
9611.594363,1.774234E-15
9614.548448,1.856837E-15
9617.502534,1.980856E-15
9620.456619,2.042952E-15
9623.410705,1.991367E-15
9626.36479,1.893293E-15
9629.318876,1.844917E-15
9632.272961,1.82913e-15
9635.227047,1.761482E-15
9638.181132,1.697711E-15
9641.135218,1.725676E-15
9644.089303,1.795545E-15
9647.043389,1.82158e-15
9649.997474,1.774422E-15
9652.95156,1.725526E-15
9655.905645,1.746811E-15
9658.859731,1.804141E-15
9661.813816,1.919611E-15
9664.767902,2.118991E-15
9667.721987,2.250781E-15
9670.676073,2.271924E-15
9673.630158,2.291455E-15
9676.584244,2.268823E-15
9679.538329,2.180747E-15
9682.492415,2.082279E-15
9685.4465,2.008086E-15
9688.400586,1.950805E-15
9691.354671,1.920539E-15
9694.308757,1.948531E-15
9697.262842,2.022413E-15
9700.216928,2.110773E-15
9703.171013,2.107325E-15
9706.125099,2.047169E-15
9709.079184,2.115426E-15
9712.03327,2.22988e-15
9714.987355,2.219745E-15
9717.941441,2.164199E-15
9720.895527,2.153987E-15
9723.849612,2.105257E-15
9726.803698,1.986839E-15
9729.757783,1.895264E-15
9732.711869,1.846416E-15
9735.665954,1.765869E-15
9738.62004,1.664775E-15
9741.574125,1.652971E-15
9744.528211,1.782726E-15
9747.482296,1.960997E-15
9750.436382,2.078519E-15
9753.390467,2.109738E-15
9756.344553,2.093415E-15
9759.298638,2.049289E-15
9762.252724,2.00527e-15
9765.206809,1.995637E-15
9768.160895,2.085418E-15
9771.11498,2.155912E-15
9774.069066,2.109133E-15
9777.023151,2.01123e-15
9779.977237,1.917885E-15
9782.931322,1.861825E-15
9785.885408,1.85941e-15
9788.839493,1.872232E-15
9791.793579,1.912478E-15
9794.747664,1.97731e-15
9797.70175,2.112776E-15
9800.655835,2.293331E-15
9803.609921,2.350372E-15
9806.564006,2.333775E-15
9809.518092,2.370268E-15
9812.472177,2.338337E-15
9815.426263,2.226818E-15
9818.380348,2.220339E-15
9821.334434,2.310746E-15
9824.288519,2.353076E-15
9827.242605,2.33797e-15
9830.19669,2.349466E-15
9833.150776,2.422794E-15
9836.104861,2.527786E-15
9839.058947,2.652699E-15
9842.013032,2.7176e-15
9844.967118,2.653172E-15
9847.921203,2.607598E-15
9850.875289,2.688911E-15
9853.829374,2.889398E-15
9856.78346,3.058097E-15
9859.737545,3.027059E-15
9862.691631,2.919217E-15
9865.645717,2.88474e-15
9868.599802,2.8983e-15
9871.553888,2.915117E-15
9874.507973,2.917158E-15
9877.462059,2.945482E-15
9880.416144,2.997494E-15
9883.37023,3.049533E-15
9886.324315,3.157009E-15
9889.278401,3.309062E-15
9892.232486,3.4582e-15
9895.186572,3.605558E-15
9898.140657,3.741935E-15
9901.094743,3.803155E-15
9904.048828,3.750436E-15
9907.002914,3.66656e-15
9909.956999,3.605227E-15
9912.911085,3.580634E-15
9915.86517,3.559886E-15
9918.819256,3.517489E-15
9921.773341,3.444919E-15
9924.727427,3.399139E-15
9927.681512,3.496981E-15
9930.635598,3.668613E-15
9933.589683,3.814461E-15
9936.543769,3.952112E-15
9939.497854,4.116302E-15
9942.45194,4.270102E-15
9945.406025,4.303593E-15
9948.360111,4.317293E-15
9951.314196,4.469607E-15
9954.268282,4.563124E-15
9957.222367,4.451658E-15
9960.176453,4.321856E-15
9963.130538,4.228274E-15
9966.084624,4.08753e-15
9969.038709,3.968692E-15
9971.992795,3.924988E-15
9974.94688,3.921563E-15
9977.900966,3.982155E-15
9980.855051,4.02276e-15
9983.809137,3.989564E-15
9986.763222,4.008987E-15
9989.717308,4.21627e-15
9992.671393,4.521724E-15
9995.625479,4.685838E-15
9998.579564,4.817214E-15
10001.53365,4.949349E-15
10004.48774,4.992284E-15
10007.44182,4.944443E-15
10010.39591,4.869093E-15
10013.34999,4.766645E-15
10016.30408,4.593425E-15
10019.25816,4.379188E-15
10022.21225,4.215417E-15
10025.16633,4.172736E-15
10028.12042,4.187083E-15
10031.07451,4.206291E-15
10034.02859,4.316067E-15
10036.98268,4.517858E-15
10039.93676,4.700073E-15
10042.89085,4.825197E-15
10045.84493,4.924816E-15
10048.79902,5.021984E-15
10051.7531,5.151343E-15
10054.70719,5.224251E-15
10057.66127,5.148643E-15
10060.61536,5.089412E-15
10063.56945,5.066609E-15
10066.52353,4.919642E-15
10069.47762,4.738387E-15
10072.4317,4.641484E-15
10075.38579,4.604969E-15
10078.33987,4.602183E-15
10081.29396,4.604537E-15
10084.24804,4.586259E-15
10087.20213,4.703764E-15
10090.15622,5.009882E-15
10093.1103,5.281532E-15
10096.06439,5.427679E-15
10099.01847,5.507179E-15
10101.97256,5.587571E-15
10104.92664,5.652953E-15
10107.88073,5.597611E-15
10110.83481,5.499448E-15
10113.7889,5.449229E-15
10116.74298,5.329524E-15
10119.69707,5.133613E-15
10122.65116,4.957662E-15
10125.60524,4.886599E-15
10128.55933,4.947923E-15
10131.51341,5.036769E-15
10134.4675,5.129576E-15
10137.42158,5.265632E-15
10140.37567,5.433735E-15
10143.32975,5.63592e-15
10146.28384,5.788036E-15
10149.23793,5.812264E-15
10152.19201,5.806695E-15
10155.1461,5.792675E-15
10158.10018,5.712891E-15
10161.05427,5.503862E-15
10164.00835,5.230127E-15
10166.96244,5.0957e-15
10169.91652,5.025965E-15
10172.87061,4.857894E-15
10175.8247,4.733556E-15
10178.77878,4.788852E-15
