3302.9480000000  -4.709379E-16
3305.5760000000  5.109996E-16
3308.2060000000  1.514340E-16
3310.8370000000  9.397381E-17
3313.4710000000  2.440686E-16
3316.1070000000  3.942747E-16
3318.7450000000  5.446059E-16
3321.3850000000  6.950346E-16
3324.0270000000  8.455884E-16
3326.6710000000  4.768116E-16
3329.3170000000  7.998471E-16
3331.9660000000  2.977100E-16
3334.6160000000  7.375692E-16
3337.2680000000  3.482984E-16
3339.9220000000  6.504038E-16
3342.5790000000  8.276459E-17
3345.2370000000  -3.669074E-16
3347.8970000000  -3.282945E-17
3350.5590000000  -3.749369E-16
3353.2240000000  1.235848E-16
3355.8900000000  3.891729E-16
3358.5580000000  -5.620733E-16
3361.2290000000  2.189870E-16
3363.9010000000  8.907250E-17
3366.5750000000  7.017898E-16
3369.2520000000  -1.129099E-16
3371.9300000000  -3.471528E-16
3374.6100000000  1.867592E-17
3377.2930000000  2.331860E-16
3379.9770000000  7.101824E-16
3382.6630000000  -2.020336E-16
3385.3510000000  2.076677E-16
3388.0420000000  3.873077E-16
3390.7340000000  2.998545E-16
3393.4280000000  2.250450E-17
3396.1240000000  4.337538E-16
3398.8220000000  -2.460189E-17
3401.5220000000  2.134474E-16
3404.2240000000  -9.493925E-17
3406.9280000000  -7.558823E-17
3409.6340000000  -3.849570E-17
3412.3410000000  1.747654E-16
3415.0510000000  3.290448E-16
3417.7630000000  3.025809E-16
3420.4760000000  -4.077633E-16
3423.1920000000  6.779674E-17
3425.9090000000  2.058067E-17
3428.6290000000  -5.807636E-17
3431.3500000000  -1.556884E-16
3434.0730000000  2.539122E-16
3436.7980000000  1.927353E-16
3439.5250000000  -1.650763E-16
3442.2540000000  -2.055439E-16
3444.9850000000  3.720915E-17
3447.7180000000  2.318913E-16
3450.4530000000  -1.255289E-16
3453.1890000000  -1.222245E-16
3455.9280000000  -3.047528E-16
3458.6680000000  -1.364128E-16
3461.4110000000  -1.886970E-16
3464.1550000000  1.567292E-17
3466.9010000000  -7.048947E-18
3469.6490000000  -8.855459E-17
3472.3990000000  -2.558329E-16
3475.1500000000  3.626875E-17
3477.9040000000  -5.294145E-17
3480.6590000000  1.851021E-16
3483.4170000000  -9.304982E-17
3486.1760000000  -7.274795E-17
3488.9370000000  -7.290902E-17
3491.7000000000  -4.201636E-17
3494.4650000000  -8.589672E-17
3497.2310000000  5.264311E-17
3500.0000000000  -8.147860E-17
3502.7700000000  -6.354757E-17
3505.5420000000  5.156569E-17
3508.3160000000  1.406347E-16
3511.0920000000  5.498951E-18
3513.8700000000  -2.007531E-16
3516.6490000000  1.492064E-16
3519.4310000000  2.905777E-17
3522.2140000000  2.987952E-17
3524.9990000000  3.671261E-17
3527.7860000000  6.778633E-17
3530.5740000000  1.654479E-16
3533.3650000000  5.368894E-17
3536.1570000000  -1.022150E-16
3538.9510000000  2.714574E-17
3541.7470000000  -2.021591E-16
3544.5450000000  2.986897E-17
3547.3440000000  -7.703467E-17
3550.1460000000  -1.414384E-17
3552.9490000000  1.439088E-16
3555.7540000000  9.500707E-17
3558.5610000000  2.235399E-17
3561.3690000000  -1.263893E-17
3564.1790000000  8.773915E-17
3566.9910000000  -3.851949E-17
3569.8050000000  1.778502E-17
3572.6210000000  1.920903E-16
3575.4380000000  2.027902E-17
3578.2580000000  8.645230E-17
3581.0790000000  8.585088E-17
3583.9010000000  -3.004057E-17
3586.7260000000  -1.250914E-16
3589.5520000000  7.266272E-17
3592.3800000000  -8.813125E-17
3595.2100000000  8.977533E-17
3598.0420000000  2.925539E-17
3600.8750000000  -3.845177E-17
3603.7100000000  9.928762E-17
3606.5470000000  -7.328265E-18
3609.3850000000  -4.133116E-17
3612.2260000000  6.346956E-17
3615.0680000000  1.712635E-17
3617.9110000000  1.338273E-17
3620.7570000000  7.172281E-17
3623.6040000000  -1.757067E-17
3626.4530000000  -3.649291E-17
3629.3040000000  4.798598E-17
3632.1560000000  1.177709E-16
3635.0100000000  6.419753E-17
3637.8660000000  3.831975E-18
3640.7240000000  -4.487977E-17
3643.5830000000  3.125691E-17
3646.4440000000  1.586795E-16
3649.3060000000  3.221868E-17
3652.1710000000  5.617065E-19
3655.0370000000  5.977241E-17
3657.9050000000  -2.296187E-17
3660.7740000000  -3.500984E-17
3663.6450000000  2.398952E-17
3666.5180000000  1.197720E-16
3669.3930000000  9.239628E-17
3672.2690000000  -1.134230E-17
3675.1470000000  -2.361337E-17
3678.0260000000  3.340190E-17
3680.9070000000  6.009721E-17
3683.7910000000  3.530112E-17
3686.6750000000  -4.304799E-18
3689.5610000000  3.419419E-17
3692.4490000000  7.936670E-17
3695.3390000000  3.555491E-17
3698.2300000000  3.943354E-17
3701.1230000000  2.435978E-17
3704.0180000000  2.149185E-17
3706.9140000000  -4.108479E-17
3709.8120000000  1.197438E-17
3712.7110000000  -4.476976E-17
3715.6120000000  1.251909E-19
3718.5150000000  -2.883721E-18
3721.4190000000  -2.577545E-17
3724.3260000000  2.854973E-17
3727.2330000000  1.947047E-17
3730.1430000000  -1.702404E-17
3733.0540000000  2.783113E-17
3735.9660000000  2.244978E-17
3738.8800000000  7.384415E-17
3741.7960000000  3.993552E-17
3744.7140000000  4.401541E-17
3747.6330000000  -4.462263E-17
3750.5530000000  2.631799E-17
3753.4760000000  3.863675E-17
3756.4000000000  8.115043E-17
3759.3250000000  6.212836E-17
3762.2520000000  7.966944E-17
3765.1810000000  3.110341E-17
3768.1110000000  9.839818E-17
3771.0430000000  2.933775E-17
3773.9770000000  7.661152E-17
3776.9120000000  3.752790E-17
3779.8480000000  5.154169E-17
3782.7870000000  -1.035211E-17
3785.7270000000  5.324746E-17
3788.6680000000  1.053563E-16
3791.6110000000  3.317056E-17
3794.5550000000  4.373199E-17
3797.5020000000  6.570591E-17
3800.4490000000  6.543287E-17
3803.3990000000  7.636199E-17
3806.3490000000  4.860732E-17
3809.3020000000  1.169910E-16
3812.2560000000  6.254174E-17
3815.2110000000  8.671763E-17
3818.1680000000  7.031530E-17
3821.1270000000  1.643123E-17
3824.0870000000  3.391299E-17
3827.0490000000  5.063768E-17
3830.0120000000  7.336539E-17
3832.9770000000  7.596434E-17
3835.9430000000  5.637510E-17
3838.9110000000  5.868447E-17
3841.8810000000  1.171991E-16
3844.8510000000  3.314112E-17
3847.8240000000  7.988308E-17
3850.7980000000  7.443422E-17
3853.7730000000  7.589852E-17
3856.7500000000  7.791093E-17
3859.7290000000  4.423891E-17
3862.7090000000  6.234928E-17
3865.6910000000  4.159334E-17
3868.6740000000  6.858860E-17
3871.6580000000  2.972560E-17
3874.6440000000  5.528806E-17
3877.6320000000  9.220357E-17
3880.6210000000  5.956097E-17
3883.6120000000  9.788961E-17
3886.6040000000  3.179936E-17
3889.5970000000  4.236596E-17
3892.5920000000  7.005428E-17
3895.5890000000  6.373669E-17
3898.5870000000  8.179955E-17
3901.5860000000  6.869654E-17
3904.5880000000  5.677630E-17
3907.5900000000  8.099721E-17
3910.5940000000  6.521993E-17
3913.5990000000  3.836106E-17
3916.6060000000  7.708491E-17
3919.6150000000  5.552930E-17
3922.6250000000  9.666914E-17
3925.6360000000  9.716795E-17
3928.6490000000  7.094072E-17
3931.6630000000  9.242559E-17
3934.6780000000  9.434647E-17
3937.6960000000  7.192663E-17
3940.7140000000  7.102825E-17
3943.7340000000  8.044817E-17
3946.7560000000  6.711623E-17
3949.7790000000  1.045777E-16
3952.8030000000  9.009850E-17
3955.8290000000  5.973167E-17
3958.8560000000  8.332728E-17
3961.8850000000  1.132946E-16
3964.9150000000  8.921200E-17
3967.9460000000  7.642527E-17
3970.9790000000  8.353919E-17
3974.0140000000  8.278883E-17
3977.0500000000  7.898786E-17
3980.0870000000  8.227727E-17
3983.1250000000  6.892208E-17
3986.1650000000  1.083871E-16
3989.2070000000  9.079373E-17
3992.2500000000  7.447965E-17
3995.2940000000  8.308763E-17
3998.3400000000  1.000264E-16
4001.3870000000  6.966771E-17
4004.4350000000  1.263096E-16
4007.4850000000  1.038987E-16
4010.5360000000  1.009495E-16
4013.5890000000  9.517622E-17
4016.6430000000  7.762393E-17
4019.6990000000  9.918847E-17
4022.7550000000  9.252457E-17
4025.8140000000  1.011898E-16
4028.8730000000  7.524219E-17
4031.9340000000  9.139941E-17
4034.9970000000  9.461893E-17
4038.0600000000  8.393440E-17
4041.1250000000  7.643421E-17
4044.1920000000  9.691465E-17
4047.2600000000  9.133135E-17
4050.3290000000  7.690710E-17
4053.3990000000  8.279920E-17
4056.4710000000  8.390745E-17
4059.5450000000  9.762682E-17
4062.6190000000  7.760146E-17
4065.6950000000  9.203613E-17
4068.7730000000  4.823172E-17
4071.8510000000  8.662427E-17
4074.9310000000  9.937105E-17
4078.0130000000  9.983024E-17
4081.0950000000  9.492098E-17
4084.1790000000  6.422609E-17
4087.2650000000  8.020164E-17
4090.3520000000  8.055888E-17
4093.4400000000  9.327063E-17
4096.5290000000  7.975904E-17
4099.6200000000  8.781251E-17
4102.7120000000  6.568061E-17
4105.8050000000  7.642193E-17
4108.9000000000  8.436833E-17
4111.9960000000  9.332874E-17
4115.0930000000  9.428931E-17
4118.1920000000  9.258118E-17
4121.2920000000  1.146952E-16
4124.3930000000  9.745205E-17
4127.4960000000  1.240919E-16
4130.5990000000  1.051943E-16
4133.7050000000  9.272423E-17
4136.8110000000  1.071720E-16
4139.9180000000  6.584691E-17
4143.0280000000  8.148579E-17
4146.1380000000  8.491807E-17
4149.2500000000  8.917239E-17
4152.3620000000  8.567972E-17
4155.4770000000  8.227066E-17
4158.5920000000  8.786647E-17
4161.7090000000  1.020722E-16
4164.8270000000  7.890497E-17
4167.9460000000  8.892019E-17
4171.0670000000  9.819558E-17
4174.1880000000  7.913745E-17
4177.3120000000  7.809432E-17
4180.4360000000  9.098170E-17
4183.5620000000  8.511124E-17
4186.6890000000  8.413092E-17
4189.8170000000  8.118283E-17
4192.9460000000  1.012738E-16
4196.0770000000  7.348021E-17
4199.2090000000  8.985314E-17
4202.3420000000  9.808530E-17
4205.4770000000  1.032464E-16
4208.6120000000  9.293001E-17
4211.7500000000  9.501853E-17
4214.8880000000  8.736535E-17
4218.0270000000  9.690470E-17
4221.1670000000  9.623581E-17
4224.3100000000  1.037528E-16
4227.4530000000  1.096850E-16
4230.5970000000  9.812353E-17
4233.7430000000  1.031700E-16
4236.8900000000  1.082351E-16
4240.0380000000  9.550417E-17
4243.1870000000  9.962723E-17
4246.3370000000  1.017159E-16
4249.4890000000  1.003454E-16
4252.6420000000  1.025078E-16
4255.7960000000  9.905584E-17
4258.9510000000  9.190190E-17
4262.1080000000  1.038296E-16
4265.2660000000  1.017879E-16
4268.4250000000  9.922990E-17
4271.5850000000  9.696062E-17
4274.7460000000  8.242630E-17
4277.9090000000  7.878607E-17
4281.0730000000  9.999990E-17
4284.2370000000  8.722379E-17
4287.4040000000  1.013990E-16
4290.5710000000  1.029171E-16
4293.7400000000  1.094990E-16
4296.9090000000  1.000387E-16
4300.0800000000  7.695947E-17
4303.2520000000  9.702154E-17
4306.4260000000  8.101506E-17
4309.6000000000  1.008161E-16
4312.7750000000  9.200413E-17
4315.9530000000  1.147198E-16
4319.1300000000  1.029430E-16
4322.3100000000  9.483670E-17
4325.4900000000  9.269315E-17
4328.6710000000  1.211874E-16
4331.8540000000  1.015254E-16
4335.0380000000  1.048330E-16
4338.2230000000  8.596465E-17
4341.4090000000  9.168545E-17
4344.5960000000  8.853750E-17
4347.7840000000  1.023499E-16
4350.9740000000  1.107679E-16
4354.1650000000  9.543443E-17
4357.3560000000  9.772508E-17
4360.5490000000  9.616388E-17
4363.7440000000  1.069763E-16
4366.9390000000  1.064287E-16
4370.1350000000  1.149330E-16
4373.3330000000  1.028167E-16
4376.5310000000  1.092006E-16
4379.7310000000  1.046980E-16
4382.9320000000  1.019055E-16
4386.1340000000  1.001237E-16
4389.3370000000  1.004548E-16
4392.5420000000  1.013895E-16
4395.7470000000  1.211940E-16
4398.9540000000  1.104366E-16
4402.1610000000  1.120951E-16
4405.3700000000  1.126308E-16
4408.5800000000  1.117946E-16
4411.7910000000  9.884946E-17
4415.0030000000  1.098336E-16
4418.2160000000  1.117065E-16
4421.4300000000  9.361028E-17
4424.6460000000  1.164428E-16
4427.8620000000  1.095197E-16
4431.0800000000  1.183120E-16
4434.2990000000  1.099961E-16
4437.5190000000  1.182059E-16
4440.7390000000  1.026740E-16
4443.9610000000  1.113469E-16
4447.1840000000  1.131436E-16
4450.4080000000  9.424503E-17
4453.6340000000  1.060045E-16
4456.8600000000  1.141809E-16
4460.0870000000  1.149950E-16
4463.3160000000  1.120525E-16
4466.5450000000  1.125091E-16
4469.7760000000  1.236109E-16
4473.0070000000  1.081420E-16
4476.2400000000  1.132010E-16
4479.4740000000  1.102079E-16
4482.7090000000  1.111217E-16
4485.9450000000  1.070335E-16
4489.1820000000  1.104738E-16
4492.4200000000  1.088986E-16
4495.6590000000  1.052795E-16
4498.8990000000  1.048071E-16
4502.1410000000  1.046003E-16
4505.3830000000  1.209607E-16
4508.6260000000  1.071036E-16
4511.8710000000  1.089901E-16
4515.1160000000  1.084702E-16
4518.3620000000  1.184621E-16
4521.6100000000  1.059795E-16
4524.8580000000  1.197084E-16
4528.1080000000  1.123444E-16
4531.3580000000  1.254861E-16
4534.6100000000  1.293806E-16
4537.8630000000  1.149393E-16
4541.1160000000  1.136719E-16
4544.3710000000  1.162462E-16
4547.6270000000  1.090088E-16
4550.8840000000  1.025498E-16
4554.1420000000  1.212136E-16
4557.4000000000  1.188141E-16
4560.6600000000  1.195631E-16
4563.9210000000  1.097286E-16
4567.1830000000  1.187129E-16
4570.4460000000  1.099776E-16
4573.7090000000  1.186128E-16
4576.9740000000  1.177481E-16
4580.2400000000  1.255322E-16
4583.5070000000  1.104886E-16
4586.7750000000  1.256369E-16
4590.0440000000  1.119657E-16
4593.3140000000  1.039681E-16
4596.5840000000  1.065633E-16
4599.8560000000  1.056493E-16
4603.1290000000  1.217601E-16
4606.4030000000  1.123721E-16
4609.6780000000  1.292673E-16
4612.9540000000  1.055383E-16
4616.2300000000  1.252288E-16
4619.5080000000  1.267059E-16
4622.7870000000  1.195786E-16
4626.0670000000  1.259177E-16
4629.3480000000  1.159665E-16
4632.6290000000  1.300173E-16
4635.9120000000  1.174918E-16
4639.1960000000  1.209670E-16
4642.4800000000  1.182691E-16
4645.7660000000  1.144847E-16
4649.0530000000  1.232738E-16
4652.3400000000  1.221738E-16
4655.6280000000  1.266009E-16
4658.9180000000  1.121840E-16
4662.2080000000  1.154771E-16
4665.5000000000  1.214372E-16
4668.7920000000  1.269325E-16
4672.0850000000  1.204092E-16
4675.3790000000  1.200650E-16
4678.6740000000  1.291204E-16
4681.9710000000  1.141016E-16
4685.2680000000  1.329535E-16
4688.5650000000  1.309315E-16
4691.8650000000  1.296626E-16
4695.1650000000  1.276377E-16
4698.4650000000  1.249971E-16
4701.7670000000  1.264575E-16
4705.0700000000  1.212477E-16
4708.3730000000  1.207561E-16
4711.6780000000  1.323379E-16
4714.9830000000  1.292999E-16
4718.2900000000  1.222955E-16
4721.5970000000  1.136331E-16
4724.9050000000  1.297571E-16
4728.2140000000  1.350762E-16
4731.5240000000  1.277690E-16
4734.8350000000  1.342169E-16
4738.1470000000  1.182467E-16
4741.4600000000  1.203101E-16
4744.7740000000  1.271337E-16
4748.0880000000  1.232955E-16
4751.4040000000  1.275427E-16
4754.7200000000  1.225468E-16
4758.0380000000  1.204969E-16
4761.3560000000  1.270544E-16
4764.6750000000  1.229474E-16
4767.9950000000  1.176389E-16
4771.3160000000  1.302160E-16
4774.6380000000  1.142797E-16
4777.9600000000  1.352255E-16
4781.2840000000  1.230391E-16
4784.6090000000  1.314332E-16
4787.9340000000  1.282465E-16
4791.2610000000  1.348543E-16
4794.5880000000  1.131048E-16
4797.9160000000  1.295845E-16
4801.2450000000  1.283299E-16
4804.5750000000  1.270976E-16
4807.9050000000  1.256145E-16
4811.2370000000  1.179855E-16
4814.5690000000  1.178298E-16
4817.9020000000  1.320377E-16
4821.2370000000  1.182373E-16
4824.5720000000  1.255675E-16
4827.9080000000  1.129114E-16
4831.2450000000  1.279055E-16
4834.5820000000  1.164630E-16
4837.9200000000  1.326455E-16
4841.2600000000  1.213326E-16
4844.6000000000  1.141687E-16
4847.9410000000  1.189210E-16
4851.2830000000  1.210500E-16
4854.6260000000  1.325159E-16
4857.9700000000  1.162003E-16
4861.3140000000  1.311663E-16
4864.6600000000  1.368216E-16
4868.0060000000  1.346619E-16
4871.3530000000  1.240155E-16
4874.7010000000  1.241861E-16
4878.0490000000  1.200722E-16
4881.3990000000  1.156065E-16
4884.7500000000  1.171821E-16
4888.1010000000  1.124109E-16
4891.4530000000  1.216315E-16
4894.8060000000  1.188597E-16
4898.1590000000  1.217530E-16
4901.5140000000  1.227619E-16
4904.8690000000  1.309767E-16
4908.2260000000  1.195044E-16
4911.5830000000  1.078493E-16
4914.9400000000  1.109703E-16
4918.2990000000  1.168767E-16
4921.6580000000  1.210619E-16
4925.0190000000  1.285725E-16
4928.3800000000  1.225661E-16
4931.7420000000  1.267086E-16
4935.1040000000  1.209941E-16
4938.4680000000  1.266181E-16
4941.8330000000  1.172938E-16
4945.1980000000  1.320985E-16
4948.5630000000  1.324276E-16
4951.9310000000  1.202327E-16
4955.2980000000  1.306657E-16
4958.6670000000  1.191909E-16
4962.0360000000  1.344474E-16
4965.4060000000  1.187374E-16
4968.7760000000  1.283186E-16
4972.1480000000  1.153985E-16
4975.5210000000  1.259084E-16
4978.8940000000  1.198396E-16
4982.2680000000  1.296533E-16
4985.6420000000  1.199032E-16
4989.0180000000  1.256746E-16
4992.3940000000  1.264014E-16
4995.7710000000  1.220551E-16
4999.1490000000  1.266827E-16
5002.5270000000  1.322849E-16
5005.9070000000  1.144553E-16
5009.2870000000  1.279333E-16
5012.6680000000  1.168348E-16
5016.0500000000  1.196303E-16
5019.4330000000  1.214041E-16
5022.8160000000  1.191099E-16
5026.2000000000  1.189360E-16
5029.5840000000  1.241890E-16
5032.9700000000  1.220951E-16
5036.3560000000  1.164274E-16
5039.7440000000  1.115068E-16
5043.1310000000  1.196284E-16
5046.5200000000  1.307016E-16
5049.9100000000  1.236572E-16
5053.3000000000  1.174733E-16
5056.6900000000  1.173693E-16
5060.0820000000  1.195350E-16
5063.4750000000  1.181355E-16
5066.8680000000  1.145635E-16
5070.2620000000  1.283264E-16
5073.6560000000  1.303242E-16
5077.0520000000  1.285773E-16
5080.4480000000  1.230147E-16
5083.8450000000  1.132118E-16
5087.2420000000  1.240098E-16
5090.6410000000  1.166255E-16
5094.0400000000  1.212569E-16
5097.4390000000  1.178391E-16
5100.8400000000  1.334331E-16
5104.2410000000  1.299316E-16
5107.6440000000  1.214383E-16
5111.0460000000  1.185901E-16
5114.4500000000  1.288942E-16
5117.8540000000  1.258282E-16
5121.2590000000  1.305772E-16
5124.6650000000  1.302749E-16
5128.0710000000  1.328407E-16
5131.4780000000  1.340214E-16
5134.8860000000  1.315171E-16
5138.2940000000  1.240364E-16
5141.7030000000  1.248674E-16
5145.1130000000  1.238124E-16
5148.5240000000  1.298790E-16
5151.9350000000  1.299922E-16
5155.3470000000  1.223077E-16
5158.7600000000  1.219794E-16
5162.1740000000  1.299158E-16
5165.5880000000  1.277385E-16
5169.0030000000  1.308381E-16
5172.4180000000  1.281597E-16
5175.8340000000  1.239083E-16
5179.2510000000  1.346230E-16
5182.6690000000  1.199720E-16
5186.0880000000  1.259295E-16
5189.5070000000  1.305428E-16
5192.9270000000  1.407331E-16
5196.3470000000  1.325241E-16
5199.7680000000  1.403919E-16
5203.1900000000  1.255294E-16
5206.6120000000  1.264161E-16
5210.0360000000  1.331724E-16
5213.4590000000  1.307103E-16
5216.8840000000  1.392709E-16
5220.3100000000  1.252607E-16
5223.7350000000  1.300283E-16
5227.1620000000  1.363152E-16
5230.5890000000  1.465471E-16
5234.0170000000  1.341718E-16
5237.4460000000  1.390943E-16
5240.8750000000  1.350501E-16
5244.3050000000  1.339685E-16
5247.7360000000  1.362014E-16
5251.1670000000  1.422187E-16
5254.5990000000  1.259502E-16
5258.0320000000  1.434811E-16
5261.4650000000  1.379260E-16
5264.8990000000  1.307154E-16
5268.3340000000  1.419586E-16
5271.7690000000  1.366194E-16
5275.2050000000  1.445208E-16
5278.6420000000  1.448536E-16
5282.0790000000  1.460522E-16
5285.5170000000  1.490230E-16
5288.9560000000  1.394180E-16
5292.3950000000  1.410461E-16
5295.8340000000  1.409341E-16
5299.2750000000  1.390688E-16
5302.7160000000  1.347445E-16
5306.1580000000  1.268452E-16
5309.6010000000  1.317511E-16
5313.0430000000  1.457268E-16
5316.4870000000  1.315216E-16
5319.9320000000  1.326691E-16
5323.3760000000  1.351763E-16
5326.8220000000  1.464579E-16
5330.2690000000  1.466058E-16
5333.7150000000  1.426504E-16
5337.1630000000  1.425162E-16
5340.6110000000  1.274256E-16
5344.0600000000  1.311716E-16
5347.5100000000  1.378030E-16
5350.9590000000  1.378646E-16
5354.4100000000  1.317213E-16
5357.8620000000  1.411272E-16
5361.3130000000  1.429092E-16
5364.7660000000  1.380903E-16
5368.2190000000  1.350212E-16
5371.6730000000  1.467482E-16
5375.1270000000  1.417187E-16
5378.5830000000  1.504802E-16
5382.0380000000  1.415807E-16
5385.4950000000  1.374727E-16
5388.9520000000  1.482686E-16
5392.4090000000  1.474617E-16
5395.8670000000  1.420534E-16
5399.3260000000  1.437571E-16
5402.7850000000  1.288270E-16
5406.2450000000  1.458281E-16
5409.7060000000  1.466282E-16
5413.1670000000  1.371901E-16
5416.6280000000  1.442033E-16
5420.0910000000  1.458212E-16
5423.5540000000  1.546448E-16
5427.0170000000  1.486531E-16
5430.4810000000  1.543454E-16
5433.9460000000  1.354979E-16
5437.4110000000  1.431078E-16
5440.8770000000  1.510216E-16
5444.3440000000  1.422958E-16
5447.8110000000  1.443813E-16
5451.2780000000  1.453413E-16
5454.7470000000  1.350918E-16
5458.2160000000  1.506196E-16
5461.6850000000  1.516965E-16
5465.1550000000  1.468762E-16
5468.6250000000  1.503904E-16
5472.0970000000  1.612805E-16
5475.5690000000  1.524617E-16
5479.0410000000  1.500637E-16
5482.5140000000  1.536651E-16
5485.9870000000  1.372936E-16
5489.4610000000  1.511536E-16
5492.9360000000  1.512610E-16
5496.4110000000  1.624083E-16
5499.8870000000  1.536346E-16
5503.3630000000  1.531085E-16
5506.8400000000  1.559839E-16
5510.3180000000  1.519187E-16
5513.7960000000  1.596560E-16
5517.2740000000  1.508163E-16
5520.7540000000  1.483638E-16
5524.2330000000  1.480931E-16
5527.7140000000  1.524946E-16
5531.1950000000  1.614682E-16
5534.6760000000  1.609245E-16
5538.1580000000  1.694536E-16
5541.6410000000  1.600252E-16
5545.1240000000  1.641969E-16
5548.6070000000  1.566452E-16
5552.0910000000  1.738481E-16
5555.5760000000  1.615653E-16
5559.0620000000  1.589438E-16
5562.5470000000  1.563231E-16
5566.0340000000  1.537005E-16
5569.5210000000  1.510784E-16
5573.0080000000  1.484562E-16
5576.4960000000  1.458329E-16
5579.9850000000  1.432092E-16
5583.4740000000  1.538751E-16
5586.9640000000  1.620249E-16
5590.4540000000  1.706265E-16
5593.9440000000  1.675377E-16
5597.4360000000  1.729407E-16
5600.9280000000  1.645999E-16
5604.4200000000  1.719930E-16
5607.9130000000  1.677009E-16
5611.4060000000  1.641006E-16
5614.9000000000  1.725207E-16
5618.3950000000  1.673308E-16
5621.8900000000  1.670694E-16
5625.3850000000  1.666964E-16
5628.8810000000  1.627301E-16
5632.3780000000  1.586473E-16
5635.8750000000  1.751699E-16
5639.3730000000  1.701525E-16
5642.8710000000  1.583545E-16
5646.3690000000  1.601599E-16
5649.8690000000  1.663279E-16
5653.3680000000  1.600853E-16
5656.8690000000  1.624836E-16
5660.3690000000  1.594869E-16
5663.8710000000  1.628163E-16
5667.3720000000  1.579217E-16
5670.8750000000  1.700740E-16
5674.3770000000  1.570970E-16
5677.8800000000  1.624646E-16
5681.3840000000  1.546164E-16
5684.8890000000  1.624056E-16
5688.3940000000  1.508269E-16
5691.8990000000  1.564909E-16
5695.4050000000  1.609145E-16
5698.9110000000  1.553941E-16
5702.4180000000  1.748771E-16
5705.9250000000  1.636565E-16
5709.4330000000  1.663885E-16
5712.9410000000  1.495848E-16
5716.4500000000  1.476492E-16
5719.9590000000  1.565971E-16
5723.4690000000  1.512350E-16
5726.9790000000  1.472605E-16
5730.4900000000  1.574646E-16
5734.0020000000  1.513543E-16
5737.5140000000  1.411120E-16
5741.0260000000  1.549834E-16
5744.5390000000  1.545724E-16
5748.0520000000  1.407001E-16
5751.5660000000  1.531959E-16
5755.0800000000  1.507884E-16
5758.5950000000  1.467435E-16
5762.1100000000  1.568156E-16
5765.6250000000  1.396805E-16
5769.1420000000  1.456126E-16
5772.6580000000  1.435024E-16
5776.1750000000  1.400539E-16
5779.6930000000  1.363630E-16
5783.2110000000  1.422481E-16
5786.7300000000  1.480077E-16
5790.2490000000  1.357378E-16
5793.7690000000  1.399395E-16
5797.2890000000  1.370197E-16
5800.8090000000  1.417536E-16
5804.3300000000  1.470492E-16
5807.8510000000  1.406947E-16
5811.3730000000  1.340309E-16
5814.8960000000  1.379203E-16
5818.4180000000  1.319823E-16
5821.9410000000  1.378251E-16
5825.4650000000  1.460881E-16
5828.9890000000  1.379608E-16
5832.5140000000  1.327382E-16
5836.0390000000  1.407942E-16
5839.5650000000  1.301717E-16
5843.0910000000  1.293995E-16
5846.6170000000  1.329829E-16
5850.1450000000  1.295537E-16
5853.6720000000  1.251817E-16
5857.2000000000  1.277038E-16
5860.7280000000  1.259447E-16
5864.2570000000  1.307916E-16
5867.7860000000  1.249690E-16
5871.3160000000  1.228410E-16
5874.8460000000  1.205793E-16
5878.3760000000  1.399190E-16
5881.9080000000  1.284307E-16
5885.4390000000  1.294724E-16
5888.9710000000  1.382708E-16
5892.5030000000  1.271590E-16
5896.0360000000  1.276078E-16
5899.5690000000  1.206291E-16
5903.1030000000  1.252080E-16
5906.6370000000  1.292124E-16
5910.1720000000  1.363921E-16
5913.7070000000  1.377762E-16
5917.2430000000  1.242045E-16
5920.7780000000  1.142222E-16
5924.3150000000  1.215101E-16
5927.8520000000  1.334241E-16
5931.3890000000  1.216766E-16
5934.9270000000  1.214126E-16
5938.4650000000  1.202503E-16
5942.0030000000  1.280179E-16
5945.5420000000  1.201709E-16
5949.0820000000  1.246404E-16
5952.6220000000  1.181601E-16
5956.1620000000  1.231439E-16
5959.7020000000  1.249148E-16
5963.2440000000  1.251719E-16
5966.7850000000  1.230813E-16
5970.3270000000  1.208285E-16
5973.8690000000  1.175128E-16
5977.4120000000  1.082662E-16
5980.9560000000  1.158627E-16
5984.4990000000  1.235294E-16
5988.0430000000  1.313484E-16
5991.5880000000  1.253649E-16
5995.1330000000  1.193793E-16
5998.6780000000  1.150768E-16
6002.2240000000  1.235791E-16
6005.7700000000  1.208204E-16
6009.3160000000  1.239235E-16
6012.8630000000  1.285997E-16
6016.4110000000  1.261892E-16
6019.9580000000  1.392167E-16
6023.5070000000  1.341500E-16
6027.0560000000  1.218769E-16
6030.6040000000  1.230287E-16
6034.1540000000  1.201430E-16
6037.7040000000  1.315918E-16
6041.2540000000  1.285489E-16
6044.8050000000  1.211621E-16
6048.3560000000  1.347010E-16
6051.9080000000  1.174795E-16
6055.4590000000  1.213717E-16
6059.0120000000  1.228402E-16
6062.5640000000  1.259766E-16
6066.1180000000  1.167937E-16
6069.6710000000  1.234404E-16
6073.2250000000  1.303198E-16
6076.7790000000  1.226931E-16
6080.3340000000  1.200209E-16
6083.8890000000  1.302006E-16
6087.4450000000  1.268841E-16
6091.0000000000  1.246865E-16
6094.5570000000  1.245137E-16
6098.1140000000  1.275575E-16
6101.6710000000  1.255329E-16
6105.2280000000  1.218652E-16
6108.7860000000  1.154492E-16
6112.3440000000  1.145966E-16
6115.9030000000  1.172741E-16
6119.4620000000  1.194378E-16
6123.0210000000  1.202888E-16
6126.5820000000  1.298927E-16
6130.1420000000  1.259331E-16
6133.7020000000  1.231488E-16
6137.2630000000  1.175268E-16
6140.8250000000  1.261597E-16
6144.3860000000  1.209802E-16
6147.9480000000  1.327752E-16
6151.5110000000  1.198679E-16
6155.0740000000  1.227688E-16
6158.6370000000  1.157343E-16
6162.2010000000  1.280785E-16
6165.7650000000  1.222655E-16
6169.3290000000  1.174613E-16
6172.8940000000  1.154841E-16
6176.4590000000  1.242608E-16
6180.0240000000  1.245311E-16
6183.5900000000  1.192801E-16
6187.1570000000  1.175291E-16
6190.7240000000  1.105799E-16
6194.2910000000  1.153993E-16
6197.8580000000  1.065817E-16
6201.4260000000  1.080863E-16
6204.9940000000  1.295282E-16
6208.5630000000  1.106710E-16
6212.1310000000  1.132773E-16
6215.7010000000  1.025977E-16
6219.2700000000  1.120164E-16
6222.8400000000  1.092957E-16
6226.4110000000  1.103278E-16
6229.9810000000  1.073706E-16
6233.5520000000  1.063331E-16
6237.1240000000  1.109157E-16
6240.6960000000  1.070051E-16
6244.2680000000  1.077692E-16
6247.8400000000  1.049937E-16
6251.4130000000  9.630213E-17
6254.9860000000  1.141406E-16
6258.5600000000  1.104488E-16
6262.1340000000  1.087034E-16
6265.7080000000  1.071349E-16
6269.2830000000  1.044465E-16
6272.8580000000  1.206361E-16
6276.4340000000  1.024477E-16
6280.0090000000  1.070655E-16
6283.5850000000  1.016629E-16
6287.1620000000  1.163209E-16
6290.7390000000  1.119751E-16
6294.3160000000  1.106465E-16
6297.8940000000  1.064770E-16
6301.4710000000  1.026907E-16
6305.0500000000  1.026310E-16
6308.6280000000  1.033179E-16
6312.2070000000  9.414004E-17
6315.7860000000  1.059110E-16
6319.3660000000  9.769429E-17
6322.9460000000  1.118179E-16
6326.5260000000  1.091995E-16
6330.1070000000  9.442536E-17
6333.6880000000  1.074872E-16
6337.2700000000  1.057069E-16
6340.8510000000  9.081677E-17
6344.4330000000  1.157338E-16
6348.0160000000  1.002985E-16
6351.5980000000  1.085716E-16
6355.1810000000  1.064442E-16
6358.7650000000  1.067592E-16
6362.3490000000  1.079473E-16
6365.9330000000  9.508789E-17
6369.5170000000  1.028697E-16
6373.1020000000  9.959282E-17
6376.6870000000  1.037761E-16
6380.2720000000  1.092104E-16
6383.8580000000  9.983164E-17
6387.4440000000  1.041321E-16
6391.0310000000  1.016215E-16
6394.6170000000  1.053074E-16
6398.2050000000  1.057800E-16
6401.7920000000  1.072466E-16
6405.3800000000  1.121355E-16
6408.9680000000  1.040741E-16
6412.5560000000  1.142168E-16
6416.1450000000  1.114340E-16
6419.7340000000  1.089374E-16
6423.3240000000  1.110630E-16
6426.9130000000  1.087095E-16
6430.5030000000  1.036763E-16
6434.0940000000  1.089975E-16
6437.6850000000  9.833199E-17
6441.2750000000  1.020672E-16
6444.8670000000  1.076251E-16
6448.4590000000  1.094302E-16
6452.0510000000  1.019496E-16
6455.6430000000  1.010138E-16
6459.2360000000  1.118494E-16
6462.8290000000  1.049697E-16
6466.4220000000  1.033819E-16
6470.0160000000  9.722690E-17
6473.6100000000  1.075711E-16
6477.2040000000  9.829573E-17
6480.7990000000  1.059671E-16
6484.3940000000  1.027213E-16
6487.9890000000  1.085993E-16
6491.5840000000  1.096488E-16
6495.1810000000  1.117224E-16
6498.7770000000  1.039142E-16
6502.3730000000  9.340111E-17
6505.9700000000  1.065457E-16
6509.5670000000  1.095787E-16
6513.1650000000  1.041590E-16
6516.7630000000  9.522913E-17
6520.3610000000  9.844538E-17
6523.9590000000  1.026508E-16
6527.5580000000  1.100426E-16
6531.1570000000  9.958918E-17
6534.7560000000  1.002214E-16
6538.3560000000  1.037235E-16
6541.9560000000  1.026811E-16
6545.5560000000  1.043608E-16
6549.1570000000  1.043991E-16
6552.7580000000  1.114006E-16
6556.3590000000  9.787684E-17
6559.9600000000  1.033512E-16
6563.5630000000  1.034933E-16
6567.1650000000  1.062234E-16
6570.7670000000  1.010664E-16
6574.3700000000  1.120922E-16
6577.9730000000  1.070386E-16
6581.5760000000  1.055850E-16
6585.1800000000  1.034517E-16
6588.7840000000  1.129393E-16
6592.3880000000  1.159690E-16
6595.9930000000  1.051863E-16
6599.5980000000  1.082462E-16
6603.2030000000  1.068999E-16
6606.8080000000  1.103663E-16
6610.4140000000  1.138789E-16
6614.0200000000  1.110957E-16
6617.6260000000  1.093358E-16
6621.2330000000  1.164955E-16
6624.8400000000  1.170038E-16
6628.4480000000  1.144258E-16
6632.0550000000  1.126726E-16
6635.6630000000  1.035456E-16
6639.2710000000  1.028752E-16
6642.8800000000  1.077589E-16
6646.4890000000  1.071863E-16
6650.0980000000  1.167899E-16
6653.7070000000  1.110919E-16
6657.3170000000  1.091822E-16
6660.9270000000  1.064776E-16
6664.5370000000  1.109513E-16
6668.1480000000  1.119858E-16
6671.7590000000  1.189553E-16
6675.3700000000  1.106883E-16
6678.9810000000  1.118852E-16
6682.5930000000  1.150698E-16
6686.2050000000  1.169488E-16
6689.8170000000  1.157193E-16
6693.4300000000  1.122236E-16
6697.0430000000  1.170239E-16
6700.6560000000  1.170803E-16
6704.2700000000  1.181339E-16
6707.8830000000  1.121452E-16
6711.4980000000  1.214896E-16
6715.1120000000  1.170373E-16
6718.7270000000  1.152663E-16
6722.3410000000  1.125915E-16
6725.9570000000  1.148104E-16
6729.5720000000  1.214069E-16
6733.1880000000  1.152026E-16
6736.8040000000  1.173808E-16
6740.4200000000  1.129491E-16
6744.0370000000  1.222170E-16
6747.6540000000  1.153834E-16
6751.2710000000  1.110819E-16
6754.8890000000  1.154354E-16
6758.5070000000  1.206173E-16
6762.1250000000  1.137034E-16
6765.7430000000  1.163837E-16
6769.3620000000  1.175239E-16
6772.9810000000  1.232500E-16
6776.6000000000  1.099491E-16
6780.2200000000  1.175282E-16
6783.8390000000  1.208824E-16
6787.4590000000  1.109977E-16
6791.0800000000  1.119402E-16
6794.7010000000  1.129202E-16
6798.3210000000  1.178087E-16
6801.9420000000  1.225097E-16
6805.5640000000  1.125425E-16
6809.1860000000  1.090636E-16
6812.8080000000  1.111602E-16
6816.4300000000  1.077955E-16
6820.0530000000  1.152778E-16
6823.6760000000  1.084360E-16
6827.2990000000  1.202236E-16
6830.9220000000  1.145779E-16
6834.5460000000  1.097418E-16
6838.1700000000  1.153795E-16
6841.7940000000  1.134183E-16
6845.4190000000  1.096315E-16
6849.0430000000  1.103095E-16
6852.6690000000  1.100481E-16
6856.2940000000  1.227989E-16
6859.9200000000  1.186390E-16
6863.5460000000  1.071715E-16
6867.1720000000  1.019750E-16
6870.7980000000  1.135849E-16
6874.4250000000  1.173922E-16
6878.0520000000  1.121556E-16
6881.6800000000  1.034593E-16
6885.3070000000  1.142837E-16
6888.9350000000  1.260420E-16
6892.5630000000  1.139247E-16
6896.1910000000  1.066254E-16
6899.8200000000  1.150464E-16
6903.4490000000  1.100596E-16
6907.0780000000  1.205634E-16
6910.7080000000  1.178369E-16
6914.3370000000  1.255057E-16
6917.9680000000  1.177485E-16
6921.5980000000  1.227730E-16
6925.2290000000  1.220182E-16
6928.8590000000  1.246482E-16
6932.4900000000  1.163326E-16
6936.1220000000  1.117886E-16
6939.7530000000  1.028547E-16
6943.3850000000  1.020815E-16
6947.0180000000  1.020341E-16
6950.6500000000  1.107759E-16
6954.2830000000  1.060566E-16
6957.9160000000  1.087360E-16
6961.5490000000  1.098566E-16
6965.1830000000  1.025251E-16
6968.8160000000  1.013162E-16
6972.4500000000  1.049664E-16
6976.0850000000  1.018281E-16
6979.7190000000  1.045445E-16
6983.3540000000  1.064426E-16
6986.9890000000  1.084896E-16
6990.6250000000  9.771923E-17
6994.2600000000  1.042965E-16
6997.8960000000  1.005355E-16
7001.5330000000  1.023013E-16
7005.1690000000  1.039406E-16
7008.8060000000  1.044159E-16
7012.4430000000  1.064997E-16
7016.0800000000  9.444709E-17
7019.7180000000  1.093234E-16
7023.3550000000  1.020988E-16
7026.9940000000  9.763920E-17
7030.6320000000  1.075307E-16
7034.2710000000  9.788450E-17
7037.9090000000  9.652392E-17
7041.5480000000  9.781724E-17
7045.1880000000  1.048475E-16
7048.8280000000  1.093023E-16
7052.4670000000  9.987148E-17
7056.1070000000  9.986586E-17
7059.7480000000  9.947741E-17
7063.3890000000  9.919485E-17
7067.0300000000  1.078591E-16
7070.6710000000  1.069818E-16
7074.3130000000  1.118404E-16
7077.9540000000  9.634734E-17
7081.5960000000  1.027074E-16
7085.2390000000  9.571626E-17
7088.8810000000  1.008852E-16
7092.5240000000  1.008279E-16
7096.1670000000  1.076550E-16
7099.8110000000  1.047830E-16
7103.4540000000  1.037930E-16
7107.0980000000  1.023349E-16
7110.7420000000  1.043958E-16
7114.3860000000  9.685141E-17
7118.0310000000  1.011441E-16
7121.6760000000  1.008748E-16
7125.3210000000  1.061934E-16
7128.9660000000  1.007217E-16
7132.6120000000  9.241141E-17
7136.2580000000  9.532686E-17
7139.9040000000  1.045728E-16
7143.5510000000  9.934190E-17
7147.1980000000  9.217526E-17
7150.8450000000  1.056531E-16
7154.4920000000  9.668908E-17
7158.1390000000  9.536956E-17
7161.7870000000  9.416420E-17
7165.4350000000  9.518874E-17
7169.0830000000  9.411372E-17
7172.7320000000  9.335724E-17
7176.3810000000  8.628585E-17
7180.0300000000  9.156424E-17
7183.6790000000  8.546927E-17
7187.3290000000  8.425329E-17
7190.9790000000  8.041224E-17
7194.6290000000  8.638170E-17
7198.2790000000  8.230714E-17
7201.9300000000  8.821340E-17
7205.5810000000  8.057900E-17
7209.2320000000  8.916495E-17
7212.8830000000  8.791264E-17
7216.5350000000  9.345107E-17
7220.1870000000  9.510843E-17
7223.8390000000  9.498236E-17
7227.4920000000  8.672263E-17
7231.1440000000  9.360664E-17
7234.7970000000  9.434688E-17
7238.4500000000  8.594696E-17
7242.1040000000  9.682934E-17
7245.7580000000  9.288903E-17
7249.4120000000  8.262016E-17
7253.0660000000  8.906076E-17
7256.7200000000  8.739393E-17
7260.3750000000  8.935836E-17
7264.0300000000  9.322091E-17
7267.6860000000  8.996393E-17
7271.3410000000  8.981609E-17
7274.9970000000  9.112930E-17
7278.6530000000  8.043899E-17
7282.3100000000  8.768185E-17
7285.9660000000  8.630683E-17
7289.6230000000  8.902701E-17
7293.2800000000  9.367058E-17
7296.9380000000  8.012957E-17
7300.5950000000  9.400407E-17
7304.2530000000  8.286633E-17
7307.9110000000  8.561258E-17
7311.5690000000  9.005225E-17
7315.2280000000  8.906182E-17
7318.8870000000  9.731209E-17
7322.5460000000  9.214918E-17
7326.2060000000  7.816513E-17
7329.8650000000  8.495958E-17
7333.5250000000  9.000660E-17
7337.1860000000  8.974436E-17
7340.8460000000  8.915509E-17
7344.5070000000  9.319990E-17
7348.1670000000  7.607663E-17
7351.8290000000  7.443742E-17
7355.4900000000  9.147460E-17
7359.1520000000  8.780025E-17
7362.8140000000  7.297065E-17
7366.4770000000  8.579752E-17
7370.1390000000  8.347097E-17
7373.8020000000  9.040802E-17
7377.4650000000  8.122022E-17
7381.1280000000  8.467381E-17
7384.7920000000  9.085136E-17
7388.4560000000  7.978954E-17
7392.1200000000  8.316680E-17
7395.7840000000  8.792003E-17
7399.4490000000  9.052476E-17
7403.1140000000  8.573757E-17
7406.7790000000  7.678602E-17
7410.4440000000  7.724755E-17
7414.1100000000  8.498538E-17
7417.7760000000  8.880660E-17
7421.4420000000  8.935206E-17
7425.1090000000  8.321864E-17
7428.7750000000  8.491335E-17
7432.4420000000  8.295241E-17
7436.1100000000  9.022956E-17
7439.7770000000  7.900449E-17
7443.4450000000  8.402755E-17
7447.1130000000  8.029509E-17
7450.7810000000  7.550941E-17
7454.4500000000  7.268723E-17
7458.1190000000  7.282276E-17
7461.7880000000  7.808864E-17
7465.4570000000  8.335940E-17
7469.1260000000  8.531771E-17
7472.7960000000  8.055171E-17
7476.4670000000  8.530368E-17
7480.1370000000  7.687074E-17
7483.8080000000  8.429275E-17
7487.4790000000  7.083657E-17
7491.1500000000  8.135591E-17
7494.8210000000  7.419099E-17
7498.4930000000  7.597966E-17
7502.1650000000  8.284549E-17
7505.8370000000  8.311199E-17
7509.5100000000  7.905261E-17
7513.1830000000  8.690878E-17
7516.8550000000  7.663728E-17
7520.5290000000  8.535047E-17
7524.2020000000  8.544788E-17
7527.8760000000  6.646703E-17
7531.5500000000  7.746493E-17
7535.2250000000  8.536876E-17
7538.8990000000  8.447730E-17
7542.5740000000  7.071552E-17
7546.2490000000  6.683939E-17
7549.9250000000  8.066173E-17
7553.6000000000  6.861931E-17
7557.2760000000  7.325031E-17
7560.9530000000  7.660980E-17
7564.6290000000  7.308448E-17
7568.3060000000  7.399940E-17
7571.9830000000  7.582104E-17
7575.6600000000  6.497855E-17
7579.3370000000  6.962979E-17
7583.0150000000  6.602221E-17
7586.6930000000  7.154107E-17
7590.3720000000  6.916004E-17
7594.0500000000  6.141373E-17
7597.7290000000  6.236816E-17
7601.4080000000  5.946533E-17
7605.0880000000  5.862661E-17
7608.7680000000  6.827637E-17
7612.4470000000  8.128395E-17
7616.1280000000  6.221295E-17
7619.8080000000  6.114401E-17
7623.4890000000  6.131867E-17
7627.1700000000  5.791850E-17
7630.8520000000  4.823531E-17
7634.5330000000  6.418605E-17
7638.2150000000  6.142895E-17
7641.8970000000  6.115396E-17
7645.5790000000  5.436112E-17
7649.2620000000  5.773537E-17
7652.9450000000  5.514165E-17
7656.6280000000  4.861812E-17
7660.3120000000  6.598567E-17
7663.9950000000  5.064664E-17
7667.6790000000  5.838495E-17
7671.3640000000  5.833227E-17
7675.0480000000  5.481304E-17
7678.7330000000  5.100665E-17
7682.4180000000  5.632273E-17
7686.1040000000  5.398547E-17
7689.7900000000  5.642563E-17
7693.4750000000  4.352198E-17
7697.1620000000  5.413999E-17
7700.8480000000  5.144073E-17
7704.5350000000  5.779294E-17
7708.2220000000  6.467362E-17
7711.9090000000  6.093057E-17
7715.5970000000  6.225345E-17
7719.2850000000  4.869405E-17
7722.9730000000  4.077697E-17
7726.6610000000  4.404206E-17
7730.3500000000  4.611891E-17
7734.0390000000  5.383688E-17
7737.7280000000  4.489552E-17
7741.4180000000  5.633190E-17
7745.1070000000  5.125743E-17
7748.7980000000  5.960098E-17
7752.4880000000  5.023579E-17
7756.1790000000  5.633590E-17
7759.8700000000  4.046930E-17
7763.5610000000  4.888606E-17
7767.2520000000  4.721065E-17
7770.9440000000  4.807698E-17
7774.6360000000  4.536611E-17
7778.3290000000  6.082110E-17
7782.0210000000  4.017921E-17
7785.7140000000  4.742167E-17
7789.4070000000  4.881049E-17
7793.1010000000  6.695135E-17
7796.7940000000  5.073559E-17
7800.4890000000  4.537303E-17
7804.1830000000  4.797596E-17
7807.8770000000  3.825716E-17
7811.5730000000  5.339383E-17
7815.2680000000  5.069516E-17
7818.9630000000  4.883962E-17
7822.6590000000  4.214072E-17
7826.3550000000  3.773496E-17
7830.0510000000  4.556938E-17
7833.7480000000  4.710650E-17
7837.4450000000  4.722285E-17
7841.1420000000  4.583000E-17
7844.8400000000  4.615523E-17
7848.5380000000  4.132594E-17
7852.2350000000  4.465732E-17
7855.9340000000  5.746399E-17
7859.6320000000  5.891057E-17
7863.3320000000  5.209432E-17
7867.0310000000  4.446310E-17
7870.7300000000  4.634269E-17
7874.4300000000  4.834789E-17
7878.1300000000  5.747987E-17
7881.8310000000  4.498040E-17
7885.5310000000  4.283519E-17
7889.2320000000  3.757491E-17
7892.9340000000  3.921378E-17
7896.6350000000  3.735191E-17
7900.3370000000  3.667519E-17
7904.0390000000  4.124256E-17
7907.7420000000  4.604330E-17
7911.4440000000  4.635538E-17
7915.1470000000  3.675990E-17
7918.8510000000  5.799553E-17
7922.5540000000  4.092610E-17
7926.2580000000  4.325344E-17
7929.9620000000  4.159923E-17
7933.6670000000  3.478519E-17
7937.3720000000  3.981995E-17
7941.0770000000  4.781639E-17
7944.7830000000  3.756327E-17
7948.4880000000  4.370909E-17
7952.1940000000  3.953987E-17
7955.9010000000  4.813757E-17
7959.6070000000  4.749596E-17
7963.3140000000  3.974571E-17
7967.0210000000  4.713403E-17
7970.7290000000  3.484409E-17
7974.4370000000  4.177036E-17
7978.1450000000  4.035769E-17
7981.8540000000  4.417453E-17
7985.5630000000  4.354893E-17
7989.2710000000  4.622505E-17
7992.9810000000  3.680365E-17
7996.6900000000  3.573298E-17
8000.4000000000  4.658615E-17
8004.1110000000  3.186660E-17
8007.8210000000  4.248294E-17
8011.5320000000  3.575877E-17
8015.2440000000  5.265852E-17
8018.9550000000  4.551655E-17
8022.6670000000  4.009098E-17
8026.3790000000  4.308851E-17
8030.0920000000  3.864364E-17
8033.8040000000  4.729189E-17
8037.5180000000  3.156220E-17
8041.2310000000  3.600744E-17
8044.9450000000  3.545697E-17
8048.6590000000  3.117904E-17
8052.3730000000  3.979259E-17
8056.0870000000  4.114592E-17
8059.8030000000  3.377033E-17
8063.5180000000  3.326168E-17
8067.2330000000  4.305870E-17
8070.9490000000  3.743659E-17
8074.6660000000  3.119688E-17
8078.3820000000  4.040857E-17
8082.0990000000  3.903142E-17
8085.8160000000  4.202044E-17
8089.5340000000  3.647787E-17
8093.2520000000  4.788426E-17
8096.9700000000  3.960264E-17
8100.6880000000  4.073772E-17
8104.4070000000  4.062372E-17
8108.1260000000  4.808491E-17
8111.8460000000  4.050706E-17
8115.5650000000  5.507134E-17
8119.2860000000  3.605087E-17
8123.0060000000  3.704550E-17
8126.7270000000  3.998027E-17
8130.4480000000  4.548224E-17
8134.1690000000  5.276811E-17
8137.8910000000  3.613584E-17
8141.6130000000  2.851426E-17
8145.3350000000  3.184617E-17
8149.0580000000  3.323895E-17
8152.7810000000  4.179522E-17
8156.5040000000  4.071279E-17
8160.2290000000  3.975961E-17
8163.9520000000  3.616164E-17
8167.6770000000  3.457958E-17
8171.4010000000  3.757711E-17
8175.1260000000  4.760822E-17
8178.8520000000  3.657612E-17
8182.5780000000  3.732290E-17
8186.3040000000  4.301108E-17
8190.0300000000  4.781598E-17
8193.7570000000  4.449511E-17
8197.4830000000  4.468578E-17
8201.2110000000  5.245647E-17
8204.9380000000  4.214966E-17
8208.6670000000  4.820537E-17
8212.3960000000  3.412226E-17
8216.1240000000  3.612168E-17
8219.8530000000  3.455493E-17
8223.5820000000  4.447554E-17
8227.3130000000  4.986953E-17
8231.0420000000  4.361164E-17
8234.7720000000  4.938477E-17
8238.5040000000  4.776726E-17
8242.2340000000  3.797537E-17
8245.9660000000  4.974039E-17
8249.6980000000  4.685808E-17
8253.4300000000  3.595121E-17
8257.1630000000  3.534801E-17
8260.8960000000  4.742776E-17
8264.6290000000  4.744094E-17
8268.3620000000  4.331282E-17
8272.0970000000  4.054071E-17
8275.8300000000  3.164280E-17
8279.5650000000  4.951811E-17
8283.3000000000  6.646311E-17
8287.0350000000  3.109243E-17
8290.7710000000  5.007312E-17
8294.5070000000  5.293776E-17
8298.2430000000  4.092588E-17
8301.9800000000  3.904331E-17
8305.7180000000  2.493582E-17
8309.4550000000  2.973260E-17
8313.1920000000  4.347028E-17
8316.9310000000  4.395180E-17
8320.6690000000  4.886552E-17
8324.4080000000  5.121821E-17
8328.1470000000  5.326542E-17
8331.8870000000  5.005789E-17
8335.6270000000  4.637702E-17
8339.3670000000  5.010982E-17
8343.1080000000  4.775388E-17
8346.8490000000  5.348382E-17
8350.5910000000  5.527112E-17
8354.3320000000  4.176107E-17
8358.0740000000  4.448073E-17
8361.8170000000  3.099437E-17
8365.5600000000  3.675871E-17
8369.3030000000  4.026880E-17
8373.0470000000  4.960738E-17
8376.7910000000  4.124126E-17
8380.5350000000  3.768113E-17
8384.2790000000  5.029490E-17
8388.0240000000  6.130027E-17
8391.7710000000  4.902955E-17
8395.5170000000  4.346885E-17
8399.2630000000  5.453448E-17
8403.0090000000  5.709148E-17
8406.7560000000  4.766521E-17
8410.5030000000  4.453603E-17
8414.2510000000  5.168989E-17
8417.9990000000  6.390173E-17
8421.7480000000  3.238737E-17
8425.4960000000  3.790127E-17
8429.2460000000  5.590121E-17
8432.9950000000  5.173218E-17
8436.7450000000  4.837221E-17
8440.4960000000  4.556745E-17
8444.2470000000  5.331968E-17
8447.9980000000  5.068608E-17
8451.7490000000  4.503272E-17
8455.5010000000  5.278783E-17
8459.2540000000  3.744718E-17
8463.0060000000  4.561838E-17
8466.7600000000  6.458602E-17
8470.5130000000  5.004118E-17
8474.2670000000  5.938851E-17
8478.0210000000  3.527413E-17
8481.7750000000  5.628145E-17
8485.5300000000  5.260015E-17
8489.2860000000  5.167939E-17
8493.0420000000  5.468616E-17
8496.7980000000  6.076295E-17
8500.5550000000  4.756769E-17
8504.3120000000  5.786740E-17
8508.0690000000  6.006826E-17
8511.8270000000  5.527653E-17
8515.5850000000  5.149143E-17
8519.3440000000  5.457190E-17
8523.1030000000  6.477973E-17
8526.8620000000  5.806070E-17
8530.6220000000  5.046175E-17
8534.3830000000  6.359208E-17
8538.1440000000  5.102327E-17
8541.9040000000  5.319681E-17
8545.6660000000  5.702636E-17
8549.4280000000  5.197057E-17
8553.1890000000  6.165055E-17
8556.9520000000  5.444615E-17
8560.7160000000  5.591317E-17
8564.4790000000  5.186966E-17
8568.2430000000  7.421382E-17
8572.0070000000  5.809109E-17
8575.7710000000  4.963550E-17
8579.5370000000  5.850856E-17
8583.3030000000  6.410883E-17
8587.0680000000  5.914987E-17
8590.8350000000  5.547029E-17
8594.6020000000  5.914874E-17
8598.3690000000  6.610398E-17
8602.1370000000  7.282396E-17
8605.9040000000  6.490436E-17
8609.6730000000  6.607997E-17
8613.4420000000  5.128157E-17
8617.2110000000  4.411476E-17
8620.9810000000  4.746612E-17
8624.7510000000  7.710500E-17
8628.5210000000  5.242489E-17
8632.2930000000  7.775162E-17
8636.0640000000  5.050962E-17
8639.8360000000  5.602074E-17
8643.6080000000  7.951854E-17
8647.3810000000  5.737912E-17
8651.1540000000  5.074345E-17
8654.9280000000  6.286342E-17
8658.7020000000  6.486281E-17
8662.4770000000  6.509268E-17
8666.2510000000  7.311559E-17
8670.0260000000  7.047374E-17
8673.8030000000  6.497215E-17
8677.5780000000  5.471999E-17
8681.3550000000  5.009889E-17
8685.1330000000  5.927693E-17
8688.9100000000  6.593731E-17
8692.6880000000  5.756153E-17
8696.4660000000  6.731570E-17
8700.2450000000  5.873168E-17
8704.0240000000  6.336883E-17
8707.8040000000  6.764449E-17
8711.5840000000  7.300819E-17
8715.3650000000  7.379668E-17
8719.1460000000  7.250077E-17
8722.9280000000  6.260868E-17
8726.7100000000  7.714266E-17
8730.4920000000  7.211534E-17
8734.2740000000  7.054493E-17
8738.0590000000  6.821931E-17
8741.8420000000  7.685812E-17
8745.6260000000  6.224074E-17
8749.4110000000  5.756509E-17
8753.1960000000  8.112966E-17
8756.9810000000  8.163711E-17
8760.7680000000  8.862676E-17
8764.5550000000  7.117494E-17
8768.3420000000  7.008978E-17
8772.1290000000  7.593203E-17
8775.9170000000  7.501855E-17
8779.7050000000  5.917516E-17
8783.4940000000  6.864102E-17
8787.2830000000  6.220420E-17
8791.0730000000  6.573952E-17
8794.8630000000  6.941758E-17
8798.6540000000  8.541701E-17
8802.4450000000  6.440992E-17
8806.2370000000  8.250640E-17
8810.0290000000  7.126684E-17
8813.8210000000  8.681306E-17
8817.6150000000  5.926397E-17
8821.4080000000  1.868048E-17
8825.2020000000  4.280046E-17
8828.9970000000  4.642024E-17
8832.7920000000  6.436289E-17
8836.5870000000  8.729601E-17
8840.3840000000  5.592893E-17
8844.1800000000  6.609139E-17
8847.9770000000  8.063535E-17
8851.7740000000  6.246039E-17
8855.5720000000  7.952911E-17
8859.3700000000  9.041559E-17
8863.1690000000  7.193546E-17
8866.9690000000  7.968484E-17
8870.7690000000  8.321594E-17
8874.5680000000  8.518526E-17
8878.3690000000  8.974834E-17
8882.1710000000  7.117628E-17
8885.9730000000  6.747081E-17
8889.7750000000  9.312108E-17
8893.5780000000  9.581418E-17
8897.3810000000  7.300903E-17
8901.1850000000  7.470000E-17
8904.9890000000  8.154247E-17
8908.7940000000  8.963740E-17
8912.6000000000  7.581918E-17
8916.4050000000  6.496778E-17
8920.2110000000  8.529534E-17
8924.0190000000  8.472106E-17
8927.8250000000  7.348271E-17
8931.6330000000  5.557827E-17
8935.4410000000  8.033435E-17
8939.2500000000  7.395707E-17
8943.0600000000  6.439033E-17
8946.8690000000  7.014322E-17
8950.6800000000  7.678340E-17
8954.4910000000  8.213809E-17
8958.3020000000  6.337813E-17
8962.1140000000  8.076439E-17
8965.9270000000  8.762778E-17
8969.7390000000  6.629180E-17
8973.5530000000  8.055663E-17
8977.3670000000  5.910294E-17
8981.1820000000  6.463854E-17
8984.9960000000  6.201484E-17
8988.8130000000  8.707577E-17
8992.6280000000  6.817520E-17
8996.4440000000  6.631191E-17
9000.2620000000  5.506589E-17
