# DICHROIC = D55
# HA = +03:29:10.5
# ANGLE = 27 deg 17 min
# OBSERVER = unknown
# OBSLST = 15:22:51.9
# OBJECT = ZTF18aaqjovh
# CASSPA = 67.01
# PARALLAC = 67.29
# HOURANG = W03:29:10.5
# CCDTEMP = 161.59
# LAMPS = 0000000
# RA = 11:52:45.22
# GRATING = 600/4000
# APERTURE = 1.5
# TELFOCUS = 40.93 mm
# AIRMASS = 1.431
# DEC = +25:40:33.0
# UTSHUT = 2018-06-08T06:04:00.614
# EXPTIME = 2700
3400.000 1.9615e-17
3401.525 2.8735e-17
3403.050 1.9993e-17
3404.575 7.1052e-18
3406.100 2.7927e-17
3407.625 9.8157e-18
3409.150 -1.9172e-17
3410.675 5.6193e-18
3412.200 1.6176e-17
3413.725 1.0097e-17
3415.250 8.2933e-19
3416.775 1.2536e-18
3418.300 -4.5047e-18
3419.825 1.675e-17
3421.350 1.1476e-17
3422.875 9.8299e-18
3424.400 2.012e-17
3425.925 6.866e-19
3427.450 1.5294e-18
3428.975 -1.6403e-20
3430.500 2.331e-18
3432.025 1.1091e-17
3433.550 8.039e-18
3435.075 1.7102e-17
3436.600 2.0233e-17
3438.125 1.5232e-17
3439.650 -6.3509e-18
3441.175 8.3721e-18
3442.700 7.3404e-18
3444.225 9.9466e-18
3445.750 2.1033e-17
3447.275 1.1877e-17
3448.800 2.4411e-17
3450.325 1.3864e-17
3451.850 1.3023e-17
3453.375 2.914e-17
3454.900 9.3005e-18
3456.425 2.922e-17
3457.950 1.3878e-17
3459.475 2.9834e-18
3461.000 6.9872e-18
3462.525 1.0816e-17
3464.050 2.1084e-17
3465.575 1.8443e-17
3467.100 1.5802e-17
3468.625 1.222e-17
3470.150 8.3097e-18
3471.675 1.5088e-17
3473.200 3.1842e-18
3474.725 3.2751e-18
3476.250 1.3683e-17
3477.775 4.3478e-18
3479.300 1.9099e-17
3480.825 1.7766e-17
3482.350 5.2536e-18
3483.875 1.7756e-17
3485.400 9.8527e-18
3486.925 1.9464e-17
3488.450 3.8791e-18
3489.975 6.19e-19
3491.500 1.1338e-17
3493.025 2.067e-17
3494.550 1.6595e-17
3496.075 4.742e-18
3497.600 1.2479e-17
3499.125 1.6655e-18
3500.650 4.309e-18
3502.175 6.3361e-18
3503.700 7.0711e-18
3505.225 8.845e-18
3506.750 1.0717e-17
3508.275 9.7022e-18
3509.800 1.5928e-17
3511.325 1.4594e-17
3512.850 1.2272e-17
3514.375 3.9554e-18
3515.900 9.0059e-18
3517.425 1.0327e-17
3518.950 -3.1039e-18
3520.475 -3.6437e-18
3522.000 1.4571e-17
3523.525 9.085e-18
3525.050 -1.8005e-17
3526.575 6.017e-18
3528.100 2.1767e-17
3529.625 1.2014e-17
3531.150 9.8525e-18
3532.675 8.8709e-18
3534.200 8.9468e-18
3535.725 1.5652e-17
3537.250 1.8416e-17
3538.775 6.0563e-18
3540.300 -3.0842e-19
3541.825 -4.3933e-18
3543.350 4.5408e-18
3544.875 9.7815e-18
3546.400 9.505e-18
3547.925 1.4061e-17
3549.450 1.2651e-17
3550.975 7.6716e-18
3552.500 4.4108e-18
3554.025 1.4424e-18
3555.550 1.4548e-17
3557.075 1.4381e-17
3558.600 1.1475e-17
3560.125 1.5232e-17
3561.650 7.3991e-18
3563.175 1.0474e-17
3564.700 1.2314e-17
3566.225 1.719e-17
3567.750 1.3128e-17
3569.275 1.1199e-17
3570.800 1.2357e-17
3572.325 9.2521e-18
3573.850 1.2613e-17
3575.375 1.6234e-18
3576.900 -1.393e-18
3578.425 1.9976e-18
3579.950 1.1005e-17
3581.475 8.4506e-18
3583.000 7.1439e-18
3584.525 2.3163e-18
3586.050 9.5646e-18
3587.575 9.1297e-18
3589.100 1.1733e-17
3590.625 1.5378e-17
3592.150 1.2031e-17
3593.675 6.3577e-18
3595.200 1.2676e-17
3596.725 1.0561e-17
3598.250 3.2273e-18
3599.775 1.1138e-17
3601.300 1.7946e-17
3602.825 8.1307e-18
3604.350 1.4642e-17
3605.875 1.5313e-17
3607.400 9.0048e-18
3608.925 3.8154e-18
3610.450 5.9504e-18
3611.975 6.704e-18
3613.500 9.3326e-18
3615.025 6.4038e-18
3616.550 1.6999e-17
3618.075 1.7955e-17
3619.600 -6.3865e-19
3621.125 1.4687e-18
3622.650 2.4104e-18
3624.175 6.9043e-18
3625.700 3.0561e-18
3627.225 4.0749e-18
3628.750 2.7006e-17
3630.275 1.0679e-17
3631.800 2.3678e-17
3633.325 8.2626e-19
3634.850 7.2311e-19
3636.375 9.1332e-20
3637.900 8.3167e-18
3639.425 5.7484e-18
3640.950 1.2415e-17
3642.475 2.1808e-17
3644.000 2.5381e-17
3645.525 3.3401e-18
3647.050 9.5501e-18
3648.575 8.066e-18
3650.100 9.8971e-18
3651.625 9.7742e-18
3653.150 9.4515e-18
3654.675 1.0734e-17
3656.200 1e-17
3657.725 6.8518e-18
3659.250 4.2424e-18
3660.775 9.2162e-18
3662.300 1.2121e-17
3663.825 6.449e-18
3665.350 8.3106e-18
3666.875 1.0835e-17
3668.400 7.4364e-18
3669.925 7.5601e-18
3671.450 3.9561e-18
3672.975 5.5778e-18
3674.500 1.825e-17
3676.025 1.3235e-17
3677.550 7.8044e-18
3679.075 8.2745e-18
3680.600 5.289e-18
3682.125 1.4083e-17
3683.650 4.8943e-18
3685.175 -1.337e-18
3686.700 6.9341e-18
3688.225 5.9405e-18
3689.750 1.2417e-17
3691.275 8.0117e-18
3692.800 5.3949e-18
3694.325 1.3553e-17
3695.850 1.0455e-17
3697.375 8.1357e-19
3698.900 -4.7015e-18
3700.425 4.5963e-18
3701.950 1.4486e-18
3703.475 8.4545e-19
3705.000 6.9979e-18
3706.525 1.1656e-17
3708.050 9.2214e-18
3709.575 1.724e-17
3711.100 1.8543e-17
3712.625 2.1748e-18
3714.150 8.4679e-19
3715.675 1.3636e-17
3717.200 1.9321e-17
3718.725 1.3499e-18
3720.250 8.367e-18
3721.775 1.3556e-17
3723.300 7.0795e-18
3724.825 1.1662e-17
3726.350 8.8336e-18
3727.875 7.975e-18
3729.400 9.6817e-18
3730.925 7.4085e-18
3732.450 2.972e-19
3733.975 5.4044e-18
3735.500 1.564e-17
3737.025 1.3625e-17
3738.550 6.1602e-18
3740.075 3.9175e-18
3741.600 1.6839e-17
3743.125 8.0054e-18
3744.650 7.7529e-19
3746.175 1.1763e-17
3747.700 1.8422e-17
3749.225 9.9939e-18
3750.750 5.4755e-18
3752.275 1.3214e-17
3753.800 1.0605e-17
3755.325 1.0533e-17
3756.850 1.847e-17
3758.375 1.0144e-17
3759.900 8.111e-18
3761.425 1.1058e-17
3762.950 1.2067e-17
3764.475 4.7628e-18
3766.000 7.652e-18
3767.525 5.9308e-18
3769.050 6.3936e-18
3770.575 8.8376e-18
3772.100 8.4381e-18
3773.625 1.5353e-17
3775.150 7.8259e-18
3776.675 1.3541e-17
3778.200 1.8614e-17
3779.725 9.9602e-18
3781.250 6.0166e-18
3782.775 8.1765e-18
3784.300 3.776e-18
3785.825 8.0059e-18
3787.350 7.862e-18
3788.875 1.3263e-17
3790.400 1.1325e-17
3791.925 1.2465e-17
3793.450 1.1099e-17
3794.975 8.8762e-18
3796.500 6.8856e-18
3798.025 1.4734e-17
3799.550 1.4415e-17
3801.075 8.9004e-18
3802.600 9.4542e-18
3804.125 1.5964e-17
3805.650 1.1528e-17
3807.175 7.424e-18
3808.700 7.8619e-18
3810.225 1.1972e-17
3811.750 9.0138e-18
3813.275 1.4352e-17
3814.800 1.0737e-17
3816.325 1.5884e-17
3817.850 1.4148e-17
3819.375 2.0803e-18
3820.900 1.1596e-17
3822.425 1.5892e-17
3823.950 1.1581e-17
3825.475 1.3505e-17
3827.000 9.3113e-18
3828.525 1.2077e-17
3830.050 1.4438e-17
3831.575 1.5777e-17
3833.100 1.0538e-17
3834.625 8.2496e-18
3836.150 1.1649e-17
3837.675 1.143e-17
3839.200 7.3205e-18
3840.725 7.5369e-18
3842.250 7.6202e-18
3843.775 1.1402e-17
3845.300 1.3193e-17
3846.825 9.0719e-18
3848.350 1.0639e-17
3849.875 7.0577e-18
3851.400 9.7503e-18
3852.925 1.5055e-17
3854.450 1.8955e-17
3855.975 1.5498e-17
3857.500 1.3106e-17
3859.025 6.6859e-18
3860.550 1.1874e-17
3862.075 1.0721e-17
3863.600 1.4682e-17
3865.125 1.8243e-17
3866.650 1.4428e-17
3868.175 1.4722e-17
3869.700 1.4399e-17
3871.225 1.7167e-17
3872.750 1.0542e-17
3874.275 1.126e-17
3875.800 1.0002e-17
3877.325 9.3377e-18
3878.850 8.7751e-18
3880.375 1.3915e-17
3881.900 1.6103e-17
3883.425 1.2754e-17
3884.950 1.1073e-17
3886.475 1.1219e-17
3888.000 1.4674e-17
3889.525 1.0403e-17
3891.050 1.0278e-17
3892.575 1.2847e-17
3894.100 1.3287e-17
3895.625 1.034e-17
3897.150 1.6721e-17
3898.675 2.1004e-17
3900.200 1.5633e-17
3901.725 1.3002e-17
3903.250 1.6568e-17
3904.775 1.4206e-17
3906.300 1.0588e-17
3907.825 9.4551e-18
3909.350 1.3818e-17
3910.875 2.1725e-17
3912.400 1.5004e-17
3913.925 1.083e-17
3915.450 1.9705e-17
3916.975 3.2782e-17
3918.500 4.6432e-17
3920.025 5.6954e-17
3921.550 5.4989e-17
3923.075 3.3973e-17
3924.600 1.5195e-17
3926.125 1.5019e-17
3927.650 2.0606e-17
3929.175 1.8984e-17
3930.700 1.9509e-17
3932.225 1.8115e-17
3933.750 1.3991e-17
3935.275 1.2526e-17
3936.800 1.6673e-17
3938.325 1.9925e-17
3939.850 2.1047e-17
3941.375 1.7547e-17
3942.900 1.7302e-17
3944.425 1.3988e-17
3945.950 1.6838e-17
3947.475 1.5146e-17
3949.000 1.1743e-17
3950.525 1.401e-17
3952.050 1.7073e-17
3953.575 1.7e-17
3955.100 1.3093e-17
3956.625 1.6598e-17
3958.150 1.9935e-17
3959.675 2.1975e-17
3961.200 9.9768e-18
3962.725 1.2483e-17
3964.250 1.8984e-17
3965.775 1.9717e-17
3967.300 1.5563e-17
3968.825 1.3342e-17
3970.350 1.5672e-17
3971.875 1.716e-17
3973.400 1.2395e-17
3974.925 1.2658e-17
3976.450 1.567e-17
3977.975 1.7794e-17
3979.500 1.7255e-17
3981.025 1.7504e-17
3982.550 2.1375e-17
3984.075 1.5964e-17
3985.600 2.1362e-17
3987.125 1.3328e-17
3988.650 1.7431e-17
3990.175 1.464e-17
3991.700 1.8441e-17
3993.225 2.1976e-17
3994.750 2.2905e-17
3996.275 1.3251e-17
3997.800 1.4957e-17
3999.325 1.6437e-17
4000.850 1.5531e-17
4002.375 1.5483e-17
4003.900 1.0172e-17
4005.425 2.5828e-17
4006.950 1.6936e-17
4008.475 1.5427e-17
4010.000 1.5849e-17
4011.525 1.7882e-17
4013.050 2.4047e-17
4014.575 2.954e-17
4016.100 1.3958e-17
4017.625 1.8042e-17
4019.150 2.2142e-17
4020.675 9.1045e-18
4022.200 2.1643e-17
4023.725 2.9685e-17
4025.250 1.8049e-17
4026.775 1.6956e-17
4028.300 1.3688e-17
4029.825 1.908e-17
4031.350 1.3794e-17
4032.875 1.2877e-17
4034.400 1.9774e-17
4035.925 1.5129e-17
4037.450 2.1011e-17
4038.975 3.9912e-17
4040.500 2.8346e-17
4042.025 2.2749e-17
4043.550 1.7287e-17
4045.075 2.1742e-17
4046.600 2.0315e-17
4048.125 2.233e-17
4049.650 1.9397e-17
4051.175 1.4727e-17
4052.700 1.8747e-17
4054.225 1.795e-17
4055.750 1.8997e-17
4057.275 1.979e-17
4058.800 2.431e-17
4060.325 2.5281e-17
4061.850 2.2993e-17
4063.375 1.9069e-17
4064.900 1.8917e-17
4066.425 1.8205e-17
4067.950 1.9021e-17
4069.475 2.0852e-17
4071.000 3.1163e-17
4072.525 3.1095e-17
4074.050 3.0238e-17
4075.575 2.5e-17
4077.100 2.4155e-17
4078.625 2.0111e-17
4080.150 2.5397e-17
4081.675 2.635e-17
4083.200 2.2761e-17
4084.725 2.1402e-17
4086.250 1.8465e-17
4087.775 1.8283e-17
4089.300 2.0433e-17
4090.825 1.9259e-17
4092.350 1.4154e-17
4093.875 1.7674e-17
4095.400 2.3225e-17
4096.925 2.3522e-17
4098.450 1.8479e-17
4099.975 1.5409e-17
4101.500 2.1765e-17
4103.025 2.7102e-17
4104.550 2.5612e-17
4106.075 2.2952e-17
4107.600 2.0308e-17
4109.125 2.3595e-17
4110.650 2.4197e-17
4112.175 2.5442e-17
4113.700 2.9681e-17
4115.225 3.1585e-17
4116.750 2.4185e-17
4118.275 2.3287e-17
4119.800 2.5216e-17
4121.325 2.4459e-17
4122.850 2.2777e-17
4124.375 2.5034e-17
4125.900 2.5951e-17
4127.425 2.8851e-17
4128.950 3.2538e-17
4130.475 1.8001e-17
4132.000 1.9276e-17
4133.525 2.2644e-17
4135.050 2.8701e-17
4136.575 2.2314e-17
4138.100 1.9426e-17
4139.625 2.1879e-17
4141.150 2.5272e-17
4142.675 1.8091e-17
4144.200 2.3869e-17
4145.725 2.3721e-17
4147.250 2.659e-17
4148.775 2.0752e-17
4150.300 2.2483e-17
4151.825 2.5792e-17
4153.350 2.4959e-17
4154.875 2.8262e-17
4156.400 2.5765e-17
4157.925 2.3371e-17
4159.450 3.107e-17
4160.975 3.2146e-17
4162.500 2.2316e-17
4164.025 1.9858e-17
4165.550 2.5644e-17
4167.075 2.8409e-17
4168.600 2.7216e-17
4170.125 2.433e-17
4171.650 2.2442e-17
4173.175 2.8587e-17
4174.700 2.5101e-17
4176.225 2.4369e-17
4177.750 2.5913e-17
4179.275 2.4596e-17
4180.800 2.1312e-17
4182.325 1.9799e-17
4183.850 2.0227e-17
4185.375 2.2507e-17
4186.900 2.3252e-17
4188.425 2.17e-17
4189.950 1.6462e-17
4191.475 1.8569e-17
4193.000 2.5689e-17
4194.525 2.405e-17
4196.050 2.0934e-17
4197.575 2.7136e-17
4199.100 2.1058e-17
4200.625 2.1415e-17
4202.150 2.7275e-17
4203.675 3.0864e-17
4205.200 2.647e-17
4206.725 2.8165e-17
4208.250 2.2122e-17
4209.775 2.3059e-17
4211.300 2.384e-17
4212.825 2.4852e-17
4214.350 2.8113e-17
4215.875 2.0568e-17
4217.400 1.7125e-17
4218.925 2.1692e-17
4220.450 2.2462e-17
4221.975 2.9204e-17
4223.500 2.3817e-17
4225.025 2.104e-17
4226.550 3.1869e-17
4228.075 2.7827e-17
4229.600 2.4905e-17
4231.125 2.1344e-17
4232.650 2.3611e-17
4234.175 2.2742e-17
4235.700 2.3585e-17
4237.225 2.3892e-17
4238.750 2.7795e-17
4240.275 2.3501e-17
4241.800 2.217e-17
4243.325 2.7742e-17
4244.850 2.6245e-17
4246.375 2.8429e-17
4247.900 2.7395e-17
4249.425 2.6653e-17
4250.950 2.3763e-17
4252.475 2.1211e-17
4254.000 2.0852e-17
4255.525 2.3399e-17
4257.050 2.0608e-17
4258.575 2.3467e-17
4260.100 2.3429e-17
4261.625 2.8995e-17
4263.150 2.9051e-17
4264.675 2.1049e-17
4266.200 2.056e-17
4267.725 2.2685e-17
4269.250 1.7008e-17
4270.775 1.7855e-17
4272.300 2.8662e-17
4273.825 2.7557e-17
4275.350 2.8527e-17
4276.875 2.9567e-17
4278.400 2.5736e-17
4279.925 1.9108e-17
4281.450 2.2e-17
4282.975 2.3224e-17
4284.500 1.8454e-17
4286.025 2.2199e-17
4287.550 2.3589e-17
4289.075 2.6508e-17
4290.600 2.549e-17
4292.125 2.4429e-17
4293.650 1.781e-17
4295.175 1.9279e-17
4296.700 2.4294e-17
4298.225 2.2759e-17
4299.750 2.6833e-17
4301.275 2.2946e-17
4302.800 2.0859e-17
4304.325 2.4801e-17
4305.850 2.491e-17
4307.375 1.9124e-17
4308.900 2.1044e-17
4310.425 2.3376e-17
4311.950 2.1232e-17
4313.475 1.7424e-17
4315.000 1.9133e-17
4316.525 1.8136e-17
4318.050 1.9539e-17
4319.575 1.6968e-17
4321.100 1.5567e-17
4322.625 1.9813e-17
4324.150 1.7549e-17
4325.675 1.7566e-17
4327.200 2.4255e-17
4328.725 2.0432e-17
4330.250 1.6649e-17
4331.775 2.0474e-17
4333.300 2.357e-17
4334.825 2.9572e-17
4336.350 2.7722e-17
4337.875 2.349e-17
4339.400 2.2542e-17
4340.925 2.4955e-17
4342.450 2.3089e-17
4343.975 2.7178e-17
4345.500 2.256e-17
4347.025 2.0243e-17
4348.550 2.7991e-17
4350.075 2.7291e-17
4351.600 2.6828e-17
4353.125 8.3908e-18
4354.650 3.0763e-17
4356.175 6.7003e-17
4357.700 3.33e-17
4359.225 -1.4435e-20
4360.750 1.0936e-17
4362.275 2.4946e-17
4363.800 3.3225e-17
4365.325 3.0616e-17
4366.850 2.5106e-17
4368.375 2.6663e-17
4369.900 3.4519e-17
4371.425 2.7249e-17
4372.950 2.4737e-17
4374.475 2.7286e-17
4376.000 2.7345e-17
4377.525 2.7752e-17
4379.050 2.1088e-17
4380.575 2.3691e-17
4382.100 2.7674e-17
4383.625 2.7812e-17
4385.150 2.224e-17
4386.675 1.8678e-17
4388.200 2.1991e-17
4389.725 1.5198e-17
4391.250 2.1787e-17
4392.775 2.4999e-17
4394.300 2.6362e-17
4395.825 2.5001e-17
4397.350 2.1899e-17
4398.875 2.8759e-17
4400.400 2.368e-17
4401.925 1.7794e-17
4403.450 1.9158e-17
4404.975 2.7568e-17
4406.500 2.3779e-17
4408.025 1.548e-17
4409.550 2.271e-17
4411.075 2.0502e-17
4412.600 1.6957e-17
4414.125 2.3469e-17
4415.650 2.2354e-17
4417.175 1.6487e-17
4418.700 2.0485e-17
4420.225 3.2079e-17
4421.750 2.2479e-17
4423.275 1.6048e-17
4424.800 2.5419e-17
4426.325 2.5468e-17
4427.850 2.1042e-17
4429.375 1.9548e-17
4430.900 2.4978e-17
4432.425 2.5373e-17
4433.950 2.5657e-17
4435.475 2.1398e-17
4437.000 1.9756e-17
4438.525 1.7451e-17
4440.050 1.9745e-17
4441.575 2.538e-17
4443.100 2.4057e-17
4444.625 3.0532e-17
4446.150 3.0684e-17
4447.675 2.4784e-17
4449.200 2.5323e-17
4450.725 2.3542e-17
4452.250 1.7532e-17
4453.775 2.1813e-17
4455.300 2.1363e-17
4456.825 2.354e-17
4458.350 1.8238e-17
4459.875 2.4914e-17
4461.400 2.5162e-17
4462.925 2.7645e-17
4464.450 2.7296e-17
4465.975 2.2312e-17
4467.500 2.4695e-17
4469.025 3.1203e-17
4470.550 2.1628e-17
4472.075 2.3833e-17
4473.600 2.2592e-17
4475.125 2.2482e-17
4476.650 2.3657e-17
4478.175 3.063e-17
4479.700 2.4817e-17
4481.225 2.3589e-17
4482.750 2.3253e-17
4484.275 2.3543e-17
4485.800 2.4833e-17
4487.325 2.9558e-17
4488.850 2.7528e-17
4490.375 2.4368e-17
4491.900 2.8712e-17
4493.425 2.9247e-17
4494.950 2.8332e-17
4496.475 2.3561e-17
4498.000 2.037e-17
4499.525 2.4067e-17
4501.050 2.392e-17
4502.575 2.5049e-17
4504.100 2.2386e-17
4505.625 2.5943e-17
4507.150 2.6977e-17
4508.675 2.3169e-17
4510.200 2.7551e-17
4511.725 3.1022e-17
4513.250 2.2444e-17
4514.775 2.5536e-17
4516.300 3.2496e-17
4517.825 3.3207e-17
4519.350 2.2565e-17
4520.875 1.9864e-17
4522.400 2.6169e-17
4523.925 2.9216e-17
4525.450 1.9522e-17
4526.975 1.6642e-17
4528.500 3.1144e-17
4530.025 2.6731e-17
4531.550 2.6372e-17
4533.075 2.2618e-17
4534.600 2.7754e-17
4536.125 2.0095e-17
4537.650 2.1498e-17
4539.175 2.5225e-17
4540.700 2.8283e-17
4542.225 1.8674e-17
4543.750 2.7526e-17
4545.275 2.5366e-17
4546.800 2.4171e-17
4548.325 2.7848e-17
4549.850 2.5019e-17
4551.375 2.2314e-17
4552.900 2.4393e-17
4554.425 1.7765e-17
4555.950 1.9709e-17
4557.475 2.2794e-17
4559.000 2.2902e-17
4560.525 3.0951e-17
4562.050 2.6571e-17
4563.575 1.9918e-17
4565.100 1.8234e-17
4566.625 2.5297e-17
4568.150 2.6116e-17
4569.675 2.3111e-17
4571.200 2.026e-17
4572.725 3.1759e-17
4574.250 3.1418e-17
4575.775 2.963e-17
4577.300 2.3766e-17
4578.825 2.1991e-17
4580.350 2.3807e-17
4581.875 3.0513e-17
4583.400 2.383e-17
4584.925 2.4452e-17
4586.450 2.8672e-17
4587.975 2.6226e-17
4589.500 2.5924e-17
4591.025 2.439e-17
4592.550 2.5205e-17
4594.075 2.4318e-17
4595.600 2.3012e-17
4597.125 2.6988e-17
4598.650 3.093e-17
4600.175 3.0982e-17
4601.700 3.1355e-17
4603.225 2.2919e-17
4604.750 2.6342e-17
4606.275 2.8166e-17
4607.800 2.6223e-17
4609.325 2.4688e-17
4610.850 2.4273e-17
4612.375 2.0224e-17
4613.900 2.2227e-17
4615.425 2.9852e-17
4616.950 2.8146e-17
4618.475 2.7127e-17
4620.000 2.7982e-17
4621.525 2.6682e-17
4623.050 2.9326e-17
4624.575 2.7898e-17
4626.100 2.2485e-17
4627.625 2.2173e-17
4629.150 2.4782e-17
4630.675 2.8391e-17
4632.200 2.4665e-17
4633.725 2.4946e-17
4635.250 2.3061e-17
4636.775 2.7983e-17
4638.300 2.8479e-17
4639.825 2.8204e-17
4641.350 3.0216e-17
4642.875 2.9366e-17
4644.400 2.6432e-17
4645.925 2.4343e-17
4647.450 2.4404e-17
4648.975 2.776e-17
4650.500 2.8141e-17
4652.025 2.3782e-17
4653.550 2.7343e-17
4655.075 2.9348e-17
4656.600 2.861e-17
4658.125 2.0253e-17
4659.650 2.7669e-17
4661.175 2.6491e-17
4662.700 2.8099e-17
4664.225 3.1763e-17
4665.750 2.5095e-17
4667.275 2.587e-17
4668.800 2.8869e-17
4670.325 3.3574e-17
4671.850 3.4856e-17
4673.375 3.1276e-17
4674.900 2.6979e-17
4676.425 2.7636e-17
4677.950 2.7257e-17
4679.475 2.9349e-17
4681.000 2.9546e-17
4682.525 2.8516e-17
4684.050 2.7653e-17
4685.575 2.7755e-17
4687.100 2.6457e-17
4688.625 3.2053e-17
4690.150 3.1842e-17
4691.675 2.1155e-17
4693.200 2.6658e-17
4694.725 3.0665e-17
4696.250 2.485e-17
4697.775 3.2504e-17
4699.300 3.2686e-17
4700.825 2.8864e-17
4702.350 3.0679e-17
4703.875 2.5659e-17
4705.400 2.5104e-17
4706.925 2.8129e-17
4708.450 3.0757e-17
4709.975 2.7541e-17
4711.500 2.1642e-17
4713.025 2.9976e-17
4714.550 2.6722e-17
4716.075 3.0279e-17
4717.600 2.9579e-17
4719.125 2.7968e-17
4720.650 3.1176e-17
4722.175 2.5969e-17
4723.700 2.5342e-17
4725.225 3.0448e-17
4726.750 2.6231e-17
4728.275 2.9488e-17
4729.800 2.6212e-17
4731.325 2.9735e-17
4732.850 2.9257e-17
4734.375 2.8636e-17
4735.900 3.2316e-17
4737.425 2.9714e-17
4738.950 3.088e-17
4740.475 3.0305e-17
4742.000 2.8192e-17
4743.525 2.6986e-17
4745.050 2.8676e-17
4746.575 2.6287e-17
4748.100 2.825e-17
4749.625 3.0938e-17
4751.150 2.9661e-17
4752.675 3.181e-17
4754.200 3.0843e-17
4755.725 2.5552e-17
4757.250 2.9852e-17
4758.775 3.0866e-17
4760.300 3.4659e-17
4761.825 3.2229e-17
4763.350 3.2455e-17
4764.875 2.4211e-17
4766.400 2.8489e-17
4767.925 3.1648e-17
4769.450 2.7467e-17
4770.975 2.7712e-17
4772.500 2.6635e-17
4774.025 2.8577e-17
4775.550 2.9201e-17
4777.075 2.9265e-17
4778.600 3.1567e-17
4780.125 2.7659e-17
4781.650 2.3597e-17
4783.175 3.0693e-17
4784.700 3.4341e-17
4786.225 3.3917e-17
4787.750 3.0768e-17
4789.275 2.5406e-17
4790.800 2.4905e-17
4792.325 2.6223e-17
4793.850 2.6295e-17
4795.375 2.9401e-17
4796.900 2.9182e-17
4798.425 2.7502e-17
4799.950 2.9955e-17
4801.475 3.0856e-17
4803.000 3.343e-17
4804.525 2.9807e-17
4806.050 2.6396e-17
4807.575 3.1212e-17
4809.100 2.9975e-17
4810.625 3.0515e-17
4812.150 2.6434e-17
4813.675 3.1099e-17
4815.200 3.2162e-17
4816.725 3.5288e-17
4818.250 3.5277e-17
4819.775 3.095e-17
4821.300 2.808e-17
4822.825 3.1106e-17
4824.350 3.2383e-17
4825.875 2.7539e-17
4827.400 3.0655e-17
4828.925 2.8511e-17
4830.450 3.084e-17
4831.975 3.0298e-17
4833.500 3.5163e-17
4835.025 3.1769e-17
4836.550 3.5955e-17
4838.075 3.7676e-17
4839.600 2.7751e-17
4841.125 3.1156e-17
4842.650 3.0871e-17
4844.175 2.8177e-17
4845.700 2.547e-17
4847.225 2.7315e-17
4848.750 2.9675e-17
4850.275 2.8352e-17
4851.800 2.649e-17
4853.325 3.0773e-17
4854.850 3.7398e-17
4856.375 2.8994e-17
4857.900 3.0342e-17
4859.425 3.3062e-17
4860.950 2.828e-17
4862.475 3.2022e-17
4864.000 3.336e-17
4865.525 3.2165e-17
4867.050 3.3256e-17
4868.575 2.8752e-17
4870.100 2.8265e-17
4871.625 2.8006e-17
4873.150 3.3116e-17
4874.675 2.8675e-17
4876.200 2.7594e-17
4877.725 2.6212e-17
4879.250 2.3434e-17
4880.775 3.3612e-17
4882.300 3.2146e-17
4883.825 2.5856e-17
4885.350 2.7952e-17
4886.875 2.7886e-17
4888.400 3.0266e-17
4889.925 2.9755e-17
4891.450 2.3627e-17
4892.975 3.3184e-17
4894.500 3.4045e-17
4896.025 3.4387e-17
4897.550 2.8593e-17
4899.075 2.4315e-17
4900.600 2.4285e-17
4902.125 2.9665e-17
4903.650 3.1343e-17
4905.175 2.7488e-17
4906.700 2.497e-17
4908.225 2.6605e-17
4909.750 2.933e-17
4911.275 2.8182e-17
4912.800 2.0341e-17
4914.325 2.2371e-17
4915.850 2.8898e-17
4917.375 3.1822e-17
4918.900 3.2703e-17
4920.425 2.5557e-17
4921.950 2.5815e-17
4923.475 2.6522e-17
4925.000 2.3679e-17
4926.525 2.6644e-17
4928.050 3.1024e-17
4929.575 2.7826e-17
4931.100 2.7215e-17
4932.625 2.4203e-17
4934.150 2.6976e-17
4935.675 3.1097e-17
4937.200 2.9078e-17
4938.725 2.7267e-17
4940.250 2.9439e-17
4941.775 2.9802e-17
4943.300 2.395e-17
4944.825 2.3889e-17
4946.350 2.4091e-17
4947.875 2.4025e-17
4949.400 2.8659e-17
4950.925 3.1313e-17
4952.450 3.109e-17
4953.975 2.9034e-17
4955.500 2.6382e-17
4957.025 2.8568e-17
4958.550 2.8581e-17
4960.075 2.2771e-17
4961.600 2.4258e-17
4963.125 2.3051e-17
4964.650 2.9746e-17
4966.175 2.5925e-17
4967.700 2.5935e-17
4969.225 2.4521e-17
4970.750 2.6905e-17
4972.275 3.2178e-17
4973.800 3.491e-17
4975.325 2.4104e-17
4976.850 2.5612e-17
4978.375 3.3902e-17
4979.900 2.8658e-17
4981.425 2.4947e-17
4982.950 2.5458e-17
4984.475 3.2959e-17
4986.000 3.0906e-17
4987.525 3.3241e-17
4989.050 2.6969e-17
4990.575 2.4326e-17
4992.100 2.6702e-17
4993.625 2.9006e-17
4995.150 2.6707e-17
4996.675 3.3164e-17
4998.200 3.2068e-17
4999.725 2.934e-17
5001.250 2.5013e-17
5002.775 2.5206e-17
5004.300 3.2875e-17
5005.825 3.2081e-17
5007.350 2.8745e-17
5008.875 2.9618e-17
5010.400 3.0211e-17
5011.925 2.9254e-17
5013.450 2.9891e-17
5014.975 2.3046e-17
5016.500 2.7191e-17
5018.025 2.7738e-17
5019.550 2.3778e-17
5021.075 2.6484e-17
5022.600 2.5441e-17
5024.125 2.633e-17
5025.650 2.8617e-17
5027.175 2.3964e-17
5028.700 2.899e-17
5030.225 2.7673e-17
5031.750 3.0378e-17
5033.275 3.1677e-17
5034.800 2.5503e-17
5036.325 2.8984e-17
5037.850 2.6533e-17
5039.375 3.3251e-17
5040.900 2.6002e-17
5042.425 2.5192e-17
5043.950 2.9873e-17
5045.475 3.1856e-17
5047.000 2.3572e-17
5048.525 2.4832e-17
5050.050 3.1515e-17
5051.575 2.8287e-17
5053.100 2.6182e-17
5054.625 2.6568e-17
5056.150 2.566e-17
5057.675 2.4237e-17
5059.200 2.5323e-17
5060.725 2.8423e-17
5062.250 2.6164e-17
5063.775 2.8324e-17
5065.300 2.797e-17
5066.825 3.1355e-17
5068.350 3.5094e-17
5069.875 3.0923e-17
5071.400 3.2123e-17
5072.925 3.1053e-17
5074.450 2.7839e-17
5075.975 3.0061e-17
5077.500 2.8753e-17
5079.025 3.1868e-17
5080.550 3.1329e-17
5082.075 2.8899e-17
5083.600 2.4575e-17
5085.125 2.8647e-17
5086.650 3.2458e-17
5088.175 3.2771e-17
5089.700 2.7232e-17
5091.225 3.0126e-17
5092.750 3.0806e-17
5094.275 2.9704e-17
5095.800 2.9911e-17
5097.325 2.9252e-17
5098.850 3.0398e-17
5100.375 2.7785e-17
5101.900 2.5526e-17
5103.425 3.0496e-17
5104.950 2.8051e-17
5106.475 2.6925e-17
5108.000 2.6368e-17
5109.525 2.7423e-17
5111.050 2.8257e-17
5112.575 3.1117e-17
5114.100 2.9021e-17
5115.625 3.363e-17
5117.150 3.8362e-17
5118.675 2.7332e-17
5120.200 2.6506e-17
5121.725 3.3324e-17
5123.250 4.0284e-17
5124.775 4.721e-17
5126.300 3.7154e-17
5127.825 3.2474e-17
5129.350 3.0789e-17
5130.875 2.762e-17
5132.400 3.1825e-17
5133.925 2.7491e-17
5135.450 2.9018e-17
5136.975 3.2415e-17
5138.500 2.8493e-17
5140.025 2.6998e-17
5141.550 3.2586e-17
5143.075 2.9915e-17
5144.600 2.627e-17
5146.125 2.5366e-17
5147.650 2.9269e-17
5149.175 3.0153e-17
5150.700 2.6023e-17
5152.225 3.1166e-17
5153.750 3.1252e-17
5155.275 2.7891e-17
5156.800 2.6033e-17
5158.325 2.2312e-17
5159.850 2.6971e-17
5161.375 2.3713e-17
5162.900 2.5367e-17
5164.425 2.922e-17
5165.950 3.0492e-17
5167.475 3.2932e-17
5169.000 3.0014e-17
5170.525 2.4816e-17
5172.050 3.0169e-17
5173.575 3.1782e-17
5175.100 3.3424e-17
5176.625 2.5128e-17
5178.150 2.4615e-17
5179.675 2.8148e-17
5181.200 2.9243e-17
5182.725 3.0757e-17
5184.250 3.0458e-17
5185.775 2.2308e-17
5187.300 2.86e-17
5188.825 2.8008e-17
5190.350 2.5592e-17
5191.875 3.4244e-17
5193.400 3.2728e-17
5194.925 2.5268e-17
5196.450 2.3894e-17
5197.975 2.6097e-17
5199.500 2.7472e-17
5201.025 3.1292e-17
5202.550 2.6103e-17
5204.075 2.7744e-17
5205.600 2.7737e-17
5207.125 2.2923e-17
5208.650 2.3717e-17
5210.175 2.4645e-17
5211.700 2.4414e-17
5213.225 2.8287e-17
5214.750 3.091e-17
5216.275 2.7767e-17
5217.800 2.8269e-17
5219.325 2.8317e-17
5220.850 2.8323e-17
5222.375 2.8974e-17
5223.900 3.3527e-17
5225.425 3.4734e-17
5226.950 3.8088e-17
5228.475 3.518e-17
5230.000 3.2267e-17
5231.525 2.9203e-17
5233.050 2.6809e-17
5234.575 3.0021e-17
5236.100 2.7622e-17
5237.625 2.653e-17
5239.150 2.753e-17
5240.675 2.8926e-17
5242.200 2.8151e-17
5243.725 2.9579e-17
5245.250 2.8638e-17
5246.775 2.422e-17
5248.300 2.6929e-17
5249.825 3.0031e-17
5251.350 3.0937e-17
5252.875 3.1027e-17
5254.400 2.853e-17
5255.925 3.4464e-17
5257.450 3.2871e-17
5258.975 2.9491e-17
5260.500 3.0831e-17
5262.025 2.8802e-17
5263.550 2.7766e-17
5265.075 2.9949e-17
5266.600 2.7894e-17
5268.125 2.0284e-17
5269.650 2.3309e-17
5271.175 2.9825e-17
5272.700 3.4883e-17
5274.225 3.0631e-17
5275.750 3.7566e-17
5277.275 4.5899e-17
5278.800 4.532e-17
5280.325 4.0262e-17
5281.850 2.7418e-17
5283.375 2.9602e-17
5284.900 2.8994e-17
5286.425 2.4673e-17
5287.950 2.5667e-17
5289.475 2.3998e-17
5291.000 2.6887e-17
5292.525 2.9683e-17
5294.050 3.2716e-17
5295.575 3.0365e-17
5297.100 2.7888e-17
5298.625 2.7273e-17
5300.150 2.6478e-17
5301.675 2.5496e-17
5303.200 2.5989e-17
5304.725 2.3771e-17
5306.250 2.4277e-17
5307.775 2.995e-17
5309.300 2.2581e-17
5310.825 3.093e-17
5312.350 3.3796e-17
5313.875 2.7756e-17
5315.400 3.0031e-17
5316.925 2.8447e-17
5318.450 2.2903e-17
5319.975 2.9815e-17
5321.500 3.4226e-17
5323.025 2.8887e-17
5324.550 2.4458e-17
5326.075 3.1717e-17
5327.600 3.0623e-17
5329.125 2.6058e-17
5330.650 2.3857e-17
5332.175 2.5677e-17
5333.700 2.1667e-17
5335.225 2.4558e-17
5336.750 2.5919e-17
5338.275 2.6088e-17
5339.800 3.0967e-17
5341.325 3.1609e-17
5342.850 2.7085e-17
5344.375 2.9929e-17
5345.900 3.1292e-17
5347.425 2.8383e-17
5348.950 3.6964e-17
5350.475 3.461e-17
5352.000 3.2799e-17
5353.525 2.7439e-17
5355.050 2.662e-17
5356.575 3.1405e-17
5358.100 2.4178e-17
5359.625 2.2692e-17
5361.150 2.8155e-17
5362.675 2.6724e-17
5364.200 3.1348e-17
5365.725 3.1984e-17
5367.250 3.3514e-17
5368.775 2.7863e-17
5370.300 3.0777e-17
5371.825 3.1636e-17
5373.350 2.9316e-17
5374.875 3.8149e-17
5376.400 2.98e-17
5377.925 2.8382e-17
5379.450 3.3168e-17
5380.975 3.0882e-17
5382.500 2.4656e-17
5384.025 2.4288e-17
5385.550 2.298e-17
5387.075 2.5484e-17
5388.600 3.0645e-17
5390.125 3.3205e-17
5391.650 3.4684e-17
5393.175 3.5975e-17
5394.700 3.1587e-17
5396.225 2.4523e-17
5397.750 3.1228e-17
5399.275 3.5885e-17
5400.800 3.531e-17
5402.325 2.6815e-17
5403.850 3.1513e-17
5405.375 3.4892e-17
5406.900 3.0528e-17
5408.425 3.1656e-17
5409.950 4.0107e-17
5411.475 3.6701e-17
5413.000 3.031e-17
5414.525 3.0462e-17
5416.050 3.9225e-17
5417.575 3.5213e-17
5419.100 3.7397e-17
5420.625 3.7124e-17
5422.150 3.8144e-17
5423.675 4.113e-17
5425.200 2.893e-17
5426.725 2.2368e-17
5428.250 3.1147e-17
5429.775 3.3274e-17
5431.300 3.6234e-17
5432.825 3.0491e-17
5434.350 3.3096e-17
5435.875 3.934e-17
5437.400 3.0154e-17
5438.925 3.4687e-17
5440.450 4.0404e-17
5441.975 4.2451e-17
5443.500 4.1233e-17
5445.025 3.779e-17
5446.550 3.8197e-17
5448.075 3.2693e-17
5449.600 4.1007e-17
5451.125 3.6785e-17
5452.650 3.6062e-17
5454.175 4.4124e-17
5455.700 3.7732e-17
5457.225 2.3458e-17
5458.750 4.4179e-17
5460.275 6.5364e-17
5461.800 5.1976e-17
5463.325 3.2305e-17
5464.850 2.8014e-17
5466.375 3.8491e-17
5467.900 3.3222e-17
5469.425 4.3017e-17
5470.950 3.2949e-17
5472.475 3.1195e-17
5474.000 3.1369e-17
5475.525 3.5563e-17
5477.050 3.0958e-17
5478.575 3.0633e-17
5480.100 3.8088e-17
5481.625 3.5456e-17
5483.150 3.8425e-17
5484.675 2.7745e-17
5486.200 2.8256e-17
5487.725 3.1035e-17
5489.250 2.5955e-17
5490.775 4.2039e-17
5492.300 3.6143e-17
5493.825 2.1967e-17
5495.350 3.4132e-17
5496.875 2.7586e-17
5498.400 3.9584e-17
5499.925 4.1506e-17
5501.450 3.1069e-17
5502.975 3.9417e-17
5504.500 3.8425e-17
5506.025 3.5196e-17
5507.550 3.5405e-17
5509.075 3.8579e-17
5510.600 3.312e-17
5512.125 4.2415e-17
5513.650 4.0536e-17
5515.175 3.6263e-17
5516.700 3.6872e-17
5518.225 3.3484e-17
5519.750 3.8851e-17
5521.275 4.0642e-17
5522.800 4.0826e-17
5524.325 3.5002e-17
5525.850 4.1077e-17
5527.375 3.8194e-17
5528.900 3.4614e-17
5530.425 3.7103e-17
5531.950 2.9709e-17
5533.475 3.9992e-17
5535.000 4.1041e-17
5536.525 3.8665e-17
5538.050 4.0835e-17
5539.575 3.9233e-17
5541.100 4.3639e-17
5542.625 4.1688e-17
5544.150 4.3352e-17
5545.675 3.8323e-17
5547.200 3.8448e-17
5548.725 3.9581e-17
5550.250 4.4337e-17
5551.775 4.1212e-17
5553.300 3.439e-17
5554.825 3.5832e-17
5556.350 3.8004e-17
5557.875 3.8078e-17
5559.400 3.97e-17
5560.925 4.1735e-17
5562.450 4.4131e-17
5563.975 3.7942e-17
5565.500 4.2812e-17
5567.025 4.1333e-17
5568.550 4.309e-17
5570.075 3.1587e-17
5571.600 2.7246e-17
5573.125 3.4247e-17
5574.650 4.0054e-17
5576.175 5.7526e-17
5577.700 7.0552e-17
5579.225 5.112e-17
5580.750 2.4446e-17
5582.275 3.17e-17
5583.800 3.5571e-17
5585.325 3.2884e-17
5586.850 3.6642e-17
5588.375 3.9039e-17
5589.900 4.4001e-17
5591.425 4.1655e-17
5592.950 4.0233e-17
5594.475 3.769e-17
5596.000 3.2714e-17
5597.525 3.6696e-17
5599.050 3.7917e-17
5600.575 3.9238e-17
5602.100 3.9038e-17
5603.625 4.2425e-17
5605.150 4.1278e-17
5606.675 3.9613e-17
5608.200 4.4202e-17
5609.725 5.2994e-17
5611.250 4.6786e-17
5612.775 4.1116e-17
5614.300 4.3868e-17
5615.825 5.2823e-17
5617.350 4.9976e-17
5618.875 4.4655e-17
5620.400 4.3752e-17
5621.925 4.2585e-17
5623.450 3.9025e-17
5624.975 3.7589e-17
5626.500 3.3594e-17
5628.025 4.6825e-17
5629.550 4.1801e-17
5631.075 4.0758e-17
5632.600 4.7936e-17
5634.125 4.4183e-17
5635.650 4.0992e-17
5637.175 4.3825e-17
5638.700 3.524e-17
5640.225 4.0853e-17
5641.750 4.919e-17
5643.275 4.8561e-17
5644.800 3.9954e-17
5646.325 4.279e-17
5647.850 3.5353e-17
5649.375 3.5572e-17
5650.900 4.052e-17
5652.425 4.2943e-17
5653.950 3.3981e-17
5655.475 3.0239e-17
5657.000 3.3119e-17
5658.525 3.859e-17
5660.050 3.6844e-17
5661.575 3.5154e-17
5663.100 3.8403e-17
5664.625 4.1527e-17
5666.150 4.4861e-17
5667.675 4.6593e-17
5669.200 4.134e-17
5670.725 3.9444e-17
5672.250 3.5983e-17
5673.775 4.1677e-17
5675.300 4.8438e-17
5676.825 4.6062e-17
5678.350 4.9883e-17
5679.875 4.4567e-17
5681.400 4.706e-17
5682.925 4.7283e-17
5684.450 6.2309e-17
5685.975 5.7668e-17
5687.500 5.0578e-17
5689.025 4.8112e-17
5690.550 4.371e-17
5692.075 4.2492e-17
5693.600 4.3697e-17
5695.125 4.5047e-17
5696.650 4.6484e-17
5698.175 4.6168e-17
5699.700 3.9695e-17
5701.225 3.3951e-17
5702.750 3.3981e-17
5704.275 3.7126e-17
5705.800 3.7365e-17
5707.325 3.2264e-17
5708.850 3.5017e-17
5710.375 4.0416e-17
5711.900 4.438e-17
5713.425 4.3492e-17
5714.950 4.361e-17
5716.475 4.0316e-17
5718.000 3.7603e-17
5719.525 4.021e-17
5721.050 4.3051e-17
5722.575 3.8557e-17
5724.100 4.2067e-17
5725.625 4.6053e-17
5727.150 4.6977e-17
5728.675 4.5329e-17
5730.200 4.0819e-17
5731.725 3.6904e-17
5733.250 3.6518e-17
5734.775 4.1933e-17
5736.300 4.0037e-17
5737.825 4.4752e-17
5739.350 4.7355e-17
5740.875 5.2751e-17
5742.400 4.6888e-17
5743.925 4.1583e-17
5745.450 4.3348e-17
5746.975 3.9711e-17
5748.500 4.3205e-17
5750.025 4.3647e-17
5751.550 4.3955e-17
5753.075 4.7917e-17
5754.600 4.004e-17
5756.125 4.0065e-17
5757.650 4.3489e-17
5759.175 4.3713e-17
5760.700 4.4736e-17
5762.225 4.4512e-17
5763.750 3.9785e-17
5765.275 4.3047e-17
5766.800 4.0512e-17
5768.325 4.092e-17
5769.850 4.1278e-17
5771.375 4.2076e-17
5772.900 4.1354e-17
5774.425 3.7789e-17
5775.950 3.8472e-17
5777.475 4.4919e-17
5779.000 4.5686e-17
5780.525 4.135e-17
5782.050 4.1331e-17
5783.575 3.6821e-17
5785.100 3.5535e-17
5786.625 3.9543e-17
5788.150 4.5063e-17
5789.675 4.0185e-17
5791.200 3.5299e-17
5792.725 3.4032e-17
5794.250 3.7201e-17
5795.775 3.7074e-17
5797.300 4.0235e-17
5798.825 4.141e-17
5800.350 3.8535e-17
5801.875 3.986e-17
5803.400 3.695e-17
5804.925 4.1539e-17
5806.450 4.1437e-17
5807.975 3.7462e-17
5809.500 3.7537e-17
5811.025 3.6406e-17
5812.550 3.6967e-17
5814.075 3.8532e-17
5815.600 3.852e-17
5817.125 3.9402e-17
5818.650 3.7275e-17
5820.175 3.5147e-17
5821.700 3.416e-17
5823.225 3.2251e-17
5824.750 3.1403e-17
5826.275 3.6762e-17
5827.800 3.3817e-17
5829.325 2.9902e-17
5830.850 3.4613e-17
5832.375 3.5797e-17
5833.900 3.5128e-17
5835.425 3.3737e-17
5836.950 3.6903e-17
5838.475 3.7374e-17
5840.000 3.1407e-17
5841.525 2.8474e-17
5843.050 3.7883e-17
5844.575 4.1588e-17
5846.100 3.684e-17
5847.625 3.8249e-17
5849.150 3.3597e-17
5850.675 3.1497e-17
5852.200 3.8059e-17
5853.725 3.5943e-17
5855.250 2.9646e-17
5856.775 3.1304e-17
5858.300 3.7568e-17
5859.825 3.7784e-17
5861.350 3.4022e-17
5862.875 3.3093e-17
5864.400 3.5357e-17
5865.925 3.1883e-17
5867.450 2.5728e-17
5868.975 2.7004e-17
5870.500 2.9778e-17
5872.025 2.8609e-17
5873.550 2.9632e-17
5875.075 2.9656e-17
5876.600 2.8996e-17
5878.125 2.9573e-17
5879.650 2.6837e-17
5881.175 2.399e-17
5882.700 2.2126e-17
5884.225 2.2044e-17
5885.750 3.6752e-17
5887.275 4.2709e-17
5888.800 3.6401e-17
5890.325 3.0838e-17
5891.850 3.2859e-17
5893.375 3.5136e-17
5894.900 3.793e-17
5896.425 3.9235e-17
5897.950 3.3812e-17
5899.475 2.985e-17
5901.000 2.697e-17
5902.525 3.2823e-17
5904.050 3.2796e-17
5905.575 2.7733e-17
5907.100 3.1823e-17
5908.625 3.6624e-17
5910.150 3.0854e-17
5911.675 2.9291e-17
5913.200 3.1089e-17
5914.725 3.3726e-17
5916.250 3.4121e-17
5917.775 3.2306e-17
5919.300 2.6465e-17
5920.825 2.1024e-17
5922.350 2.7907e-17
5923.875 3.1676e-17
5925.400 3.4636e-17
5926.925 4.065e-17
5928.450 3.8194e-17
5929.975 3.5099e-17
5931.500 3.4756e-17
5933.025 3.3833e-17
5934.550 3.367e-17
5936.075 3.1361e-17
5937.600 2.2656e-17
5939.125 2.3747e-17
5940.650 3.0292e-17
5942.175 2.7896e-17
5943.700 2.617e-17
5945.225 2.7515e-17
5946.750 2.7351e-17
5948.275 2.9345e-17
5949.800 3.3311e-17
5951.325 3.2472e-17
5952.850 2.8901e-17
5954.375 2.8352e-17
5955.900 2.9352e-17
5957.425 3.0517e-17
5958.950 3.1879e-17
5960.475 2.9132e-17
5962.000 2.6989e-17
5963.525 2.4481e-17
5965.050 2.7095e-17
5966.575 3.0465e-17
5968.100 2.724e-17
5969.625 2.1919e-17
5971.150 2.44e-17
5972.675 2.8863e-17
5974.200 2.8602e-17
5975.725 2.6745e-17
5977.250 2.3465e-17
5978.775 2.585e-17
5980.300 2.935e-17
5981.825 3.0655e-17
5983.350 2.9368e-17
5984.875 2.8658e-17
5986.400 2.7443e-17
5987.925 2.8532e-17
5989.450 3.0663e-17
5990.975 2.6528e-17
5992.500 2.7552e-17
5994.025 3.2444e-17
5995.550 3.4481e-17
5997.075 3.3014e-17
5998.600 3.163e-17
6000.125 3.0754e-17
6001.650 2.9078e-17
6003.175 2.8438e-17
6004.700 2.7423e-17
6006.225 2.8242e-17
6007.750 2.6689e-17
6009.275 2.6169e-17
6010.800 2.8714e-17
6012.325 3.0317e-17
6013.850 3.1254e-17
6015.375 2.985e-17
6016.900 3.1097e-17
6018.425 3.3261e-17
6019.950 3.2029e-17
6021.475 3.0206e-17
6023.000 3.2832e-17
6024.525 3.7183e-17
6026.050 3.6458e-17
6027.575 3.4404e-17
6029.100 3.3421e-17
6030.625 3.0563e-17
6032.150 2.3717e-17
6033.675 2.2552e-17
6035.200 2.967e-17
6036.725 3.1864e-17
6038.250 3.142e-17
6039.775 2.8891e-17
6041.300 2.5305e-17
6042.825 2.7283e-17
6044.350 2.9094e-17
6045.875 3.096e-17
6047.400 3.3008e-17
6048.925 3.4708e-17
6050.450 3.7054e-17
6051.975 3.7419e-17
6053.500 3.2294e-17
6055.025 2.9676e-17
6056.550 3.0324e-17
6058.075 3.1585e-17
6059.600 3.2573e-17
6061.125 2.9833e-17
6062.650 2.9368e-17
6064.175 3.2981e-17
6065.700 3.0389e-17
6067.225 3.0528e-17
6068.750 2.9299e-17
6070.275 2.837e-17
6071.800 2.9313e-17
6073.325 2.9426e-17
6074.850 3.2084e-17
6076.375 3.5356e-17
6077.900 3.4565e-17
6079.425 2.8178e-17
6080.950 2.5868e-17
6082.475 2.8852e-17
6084.000 3.1418e-17
6085.525 2.9701e-17
6087.050 2.8013e-17
6088.575 2.8698e-17
6090.100 3.2177e-17
6091.625 2.9698e-17
6093.150 2.6952e-17
6094.675 3.041e-17
6096.200 3.2464e-17
6097.725 2.6281e-17
6099.250 2.8075e-17
6100.775 3.2583e-17
6102.300 3.3811e-17
6103.825 3.15e-17
6105.350 2.9274e-17
6106.875 2.7557e-17
6108.400 2.7991e-17
6109.925 2.8831e-17
6111.450 3.1464e-17
6112.975 3.3912e-17
6114.500 3.4367e-17
6116.025 3.2654e-17
6117.550 3.2761e-17
6119.075 3.242e-17
6120.600 3.1922e-17
6122.125 3.3572e-17
6123.650 3.6539e-17
6125.175 3.4106e-17
6126.700 3.176e-17
6128.225 3.8028e-17
6129.750 3.7047e-17
6131.275 3.1359e-17
6132.800 3.0276e-17
6134.325 2.984e-17
6135.850 3.1436e-17
6137.375 3.7096e-17
6138.900 3.6441e-17
6140.425 3.2289e-17
6141.950 3.2906e-17
6143.475 3.4854e-17
6145.000 3.5673e-17
6146.525 3.4762e-17
6148.050 3.0036e-17
6149.575 3.1273e-17
6151.100 3.2594e-17
6152.625 3.1929e-17
6154.150 3.1373e-17
6155.675 3.1982e-17
6157.200 3.4464e-17
6158.725 3.5863e-17
6160.250 3.445e-17
6161.775 2.9343e-17
6163.300 2.9296e-17
6164.825 3.0626e-17
6166.350 2.8211e-17
6167.875 2.964e-17
6169.400 3.3496e-17
6170.925 3.3809e-17
6172.450 3.141e-17
6173.975 3.1954e-17
6175.500 3.3715e-17
6177.025 3.3807e-17
6178.550 3.5848e-17
6180.075 3.6746e-17
6181.600 3.5137e-17
6183.125 3.5264e-17
6184.650 3.4284e-17
6186.175 3.2822e-17
6187.700 3.2374e-17
6189.225 3.1703e-17
6190.750 3.4558e-17
6192.275 3.6267e-17
6193.800 3.3189e-17
6195.325 2.869e-17
6196.850 2.9343e-17
6198.375 3.0542e-17
6199.900 2.9803e-17
6201.425 3.0371e-17
6202.950 3.6536e-17
6204.475 3.7435e-17
6206.000 3.3148e-17
6207.525 3.0709e-17
6209.050 3.3951e-17
6210.575 3.7534e-17
6212.100 3.321e-17
6213.625 2.667e-17
6215.150 2.9601e-17
6216.675 3.1739e-17
6218.200 3.0704e-17
6219.725 2.9391e-17
6221.250 3.1162e-17
6222.775 3.45e-17
6224.300 3.6354e-17
6225.825 3.287e-17
6227.350 3.2608e-17
6228.875 3.4957e-17
6230.400 3.2315e-17
6231.925 2.3753e-17
6233.450 2.5299e-17
6234.975 3.2694e-17
6236.500 3.4364e-17
6238.025 3.2918e-17
6239.550 3.0784e-17
6241.075 3.2553e-17
6242.600 3.5598e-17
6244.125 3.2575e-17
6245.650 2.8575e-17
6247.175 2.9114e-17
6248.700 3.0348e-17
6250.225 2.94e-17
6251.750 2.9019e-17
6253.275 3.0223e-17
6254.800 3.1173e-17
6256.325 3.1942e-17
6257.850 3.0604e-17
6259.375 2.4952e-17
6260.900 2.2179e-17
6262.425 2.786e-17
6263.950 3.532e-17
6265.475 3.5573e-17
6267.000 3.3094e-17
6268.525 3.0072e-17
6270.050 2.9006e-17
6271.575 2.9232e-17
6273.100 3.0068e-17
6274.625 3.2412e-17
6276.150 3.5417e-17
6277.675 3.3164e-17
6279.200 2.6165e-17
6280.725 2.3063e-17
6282.250 2.7013e-17
6283.775 3.192e-17
6285.300 3.3213e-17
6286.825 3.1901e-17
6288.350 2.676e-17
6289.875 2.6321e-17
6291.400 3.0907e-17
6292.925 3.0575e-17
6294.450 2.7725e-17
6295.975 3.0316e-17
6297.500 3.1685e-17
6299.025 3.1869e-17
6300.550 3.6335e-17
6302.075 3.4414e-17
6303.600 2.7989e-17
6305.125 2.4528e-17
6306.650 2.6612e-17
6308.175 2.7008e-17
6309.700 2.7965e-17
6311.225 2.7468e-17
6312.750 2.874e-17
6314.275 2.862e-17
6315.800 2.7114e-17
6317.325 3.0185e-17
6318.850 3.1192e-17
6320.375 2.7375e-17
6321.900 2.9219e-17
6323.425 3.3686e-17
6324.950 2.9753e-17
6326.475 2.472e-17
6328.000 2.5525e-17
6329.525 3.2423e-17
6331.050 3.4434e-17
6332.575 3.4502e-17
6334.100 3.3546e-17
6335.625 3.0744e-17
6337.150 3.003e-17
6338.675 2.9137e-17
6340.200 3.1227e-17
6341.725 2.9785e-17
6343.250 2.9959e-17
6344.775 2.9811e-17
6346.300 2.9428e-17
6347.825 3.0538e-17
6349.350 2.921e-17
6350.875 2.7107e-17
6352.400 2.8715e-17
6353.925 2.879e-17
6355.450 2.6083e-17
6356.975 2.6208e-17
6358.500 2.8032e-17
6360.025 2.8145e-17
6361.550 2.999e-17
6363.075 3.6094e-17
6364.600 3.5448e-17
6366.125 3.3355e-17
6367.650 3.3767e-17
6369.175 3.3889e-17
6370.700 3.2608e-17
6372.225 3.328e-17
6373.750 3.1297e-17
6375.275 2.6129e-17
6376.800 2.98e-17
6378.325 3.2221e-17
6379.850 2.7831e-17
6381.375 3.1052e-17
6382.900 3.1073e-17
6384.425 2.882e-17
6385.950 2.8485e-17
6387.475 2.9655e-17
6389.000 2.8315e-17
6390.525 2.9393e-17
6392.050 3.3405e-17
6393.575 3.4158e-17
6395.100 3.5809e-17
6396.625 3.4787e-17
6398.150 3.1937e-17
6399.675 3.1357e-17
6401.200 2.9954e-17
6402.725 2.9465e-17
6404.250 2.7023e-17
6405.775 2.6294e-17
6407.300 2.8888e-17
6408.825 3.041e-17
6410.350 2.8723e-17
6411.875 2.5326e-17
6413.400 3.0018e-17
6414.925 3.4562e-17
6416.450 3.1572e-17
6417.975 2.6673e-17
6419.500 2.4529e-17
6421.025 2.6345e-17
6422.550 3.1359e-17
6424.075 3.3181e-17
6425.600 2.8491e-17
6427.125 2.815e-17
6428.650 2.9521e-17
6430.175 2.9927e-17
6431.700 2.9487e-17
6433.225 2.9589e-17
6434.750 2.7327e-17
6436.275 3.0335e-17
6437.800 3.2769e-17
6439.325 3.0574e-17
6440.850 3.0936e-17
6442.375 3.3316e-17
6443.900 3.2294e-17
6445.425 2.8828e-17
6446.950 3.0065e-17
6448.475 3.2012e-17
6450.000 2.8491e-17
6451.525 2.8917e-17
6453.050 3.1734e-17
6454.575 2.8558e-17
6456.100 2.6685e-17
6457.625 2.898e-17
6459.150 2.7311e-17
6460.675 3.0737e-17
6462.200 3.3404e-17
6463.725 2.7459e-17
6465.250 2.4843e-17
6466.775 2.5979e-17
6468.300 2.9492e-17
6469.825 2.8736e-17
6471.350 2.2084e-17
6472.875 2.264e-17
6474.400 2.8015e-17
6475.925 3.1662e-17
6477.450 2.8806e-17
6478.975 2.62e-17
6480.500 3.1459e-17
6482.025 3.0783e-17
6483.550 2.8898e-17
6485.075 2.9417e-17
6486.600 2.9537e-17
6488.125 2.8527e-17
6489.650 2.7275e-17
6491.175 2.7893e-17
6492.700 2.7226e-17
6494.225 2.796e-17
6495.750 3.185e-17
6497.275 3.2062e-17
6498.800 3.3145e-17
6500.325 3.2473e-17
6501.850 2.9922e-17
6503.375 3.2759e-17
6504.900 2.8653e-17
6506.425 2.4712e-17
6507.950 2.6215e-17
6509.475 2.8612e-17
6511.000 2.9993e-17
6512.525 3.0376e-17
6514.050 2.986e-17
6515.575 2.9204e-17
6517.100 2.9068e-17
6518.625 2.7252e-17
6520.150 2.8978e-17
6521.675 3.0723e-17
6523.200 2.8538e-17
6524.725 2.7982e-17
6526.250 2.4654e-17
6527.775 2.4365e-17
6529.300 2.8123e-17
6530.825 2.7462e-17
6532.350 2.6887e-17
6533.875 2.4554e-17
6535.400 2.5401e-17
6536.925 2.7473e-17
6538.450 2.916e-17
6539.975 3.0962e-17
6541.500 3.1595e-17
6543.025 2.8945e-17
6544.550 2.8576e-17
6546.075 2.9881e-17
6547.600 2.9176e-17
6549.125 2.6391e-17
6550.650 2.9041e-17
6552.175 3.148e-17
6553.700 2.7525e-17
6555.225 2.2496e-17
6556.750 2.3942e-17
6558.275 3.0602e-17
6559.800 3.415e-17
6561.325 3.2325e-17
6562.850 2.8062e-17
6564.375 2.5894e-17
6565.900 2.5861e-17
6567.425 2.5592e-17
6568.950 2.9767e-17
6570.475 3.3182e-17
6572.000 2.895e-17
6573.525 2.6025e-17
6575.050 2.4899e-17
6576.575 2.739e-17
6578.100 3.1596e-17
6579.625 2.8684e-17
6581.150 2.5274e-17
6582.675 2.8271e-17
6584.200 3.0249e-17
6585.725 2.7112e-17
6587.250 2.6115e-17
6588.775 2.5909e-17
6590.300 2.6895e-17
6591.825 2.7622e-17
6593.350 2.5852e-17
6594.875 2.761e-17
6596.400 3.0099e-17
6597.925 2.8759e-17
6599.450 2.6349e-17
6600.975 2.5909e-17
6602.500 2.7062e-17
6604.025 2.958e-17
6605.550 2.7531e-17
6607.075 2.3607e-17
6608.600 2.5099e-17
6610.125 2.739e-17
6611.650 3.0392e-17
6613.175 3.206e-17
6614.700 3.0268e-17
6616.225 2.8521e-17
6617.750 2.6921e-17
6619.275 2.5257e-17
6620.800 2.6176e-17
6622.325 2.7698e-17
6623.850 2.763e-17
6625.375 2.549e-17
6626.900 2.4776e-17
6628.425 2.7667e-17
6629.950 2.8189e-17
6631.475 2.4713e-17
6633.000 2.6145e-17
6634.525 2.8539e-17
6636.050 2.5133e-17
6637.575 2.6536e-17
6639.100 2.7702e-17
6640.625 2.5699e-17
6642.150 2.7041e-17
6643.675 3.1931e-17
6645.200 2.8814e-17
6646.725 2.5562e-17
6648.250 2.9036e-17
6649.775 2.5564e-17
6651.300 2.3078e-17
6652.825 2.9083e-17
6654.350 3.0971e-17
6655.875 3.066e-17
6657.400 3.2268e-17
6658.925 3.0176e-17
6660.450 2.6544e-17
6661.975 2.8355e-17
6663.500 2.6944e-17
6665.025 2.5401e-17
6666.550 2.7908e-17
6668.075 2.8408e-17
6669.600 2.7587e-17
6671.125 2.8134e-17
6672.650 2.8557e-17
6674.175 2.9121e-17
6675.700 2.9871e-17
6677.225 2.8356e-17
6678.750 2.8517e-17
6680.275 3.1666e-17
6681.800 3.0885e-17
6683.325 2.6238e-17
6684.850 2.8059e-17
6686.375 2.9339e-17
6687.900 2.9487e-17
6689.425 3.1093e-17
6690.950 3.3477e-17
6692.475 3.158e-17
6694.000 2.8387e-17
6695.525 2.8834e-17
6697.050 2.9685e-17
6698.575 2.9087e-17
6700.100 2.7832e-17
6701.625 2.9295e-17
6703.150 3.1919e-17
6704.675 3.0369e-17
6706.200 2.7833e-17
6707.725 2.8962e-17
6709.250 2.8545e-17
6710.775 2.8522e-17
6712.300 2.931e-17
6713.825 3.2173e-17
6715.350 2.9912e-17
6716.875 2.8108e-17
6718.400 3.0574e-17
6719.925 3.1591e-17
6721.450 3.1588e-17
6722.975 3.1767e-17
6724.500 2.8691e-17
6726.025 2.8854e-17
6727.550 3.0726e-17
6729.075 2.8077e-17
6730.600 2.9349e-17
6732.125 3.0294e-17
6733.650 3.1705e-17
6735.175 3.3442e-17
6736.700 3.2743e-17
6738.225 3.0599e-17
6739.750 2.6368e-17
6741.275 2.6806e-17
6742.800 2.8052e-17
6744.325 3.0728e-17
6745.850 3.3839e-17
6747.375 3.3042e-17
6748.900 3.1401e-17
6750.425 2.9411e-17
6751.950 3.0766e-17
6753.475 3.2067e-17
6755.000 3.2591e-17
6756.525 3.1606e-17
6758.050 2.8714e-17
6759.575 3.1504e-17
6761.100 3.3387e-17
6762.625 3.2288e-17
6764.150 3.4001e-17
6765.675 3.4359e-17
6767.200 3.0254e-17
6768.725 3.0081e-17
6770.250 3.1688e-17
6771.775 3.2939e-17
6773.300 3.424e-17
6774.825 3.3507e-17
6776.350 3.1798e-17
6777.875 3.0949e-17
6779.400 3.1113e-17
6780.925 3.0633e-17
6782.450 3.4377e-17
6783.975 3.3611e-17
6785.500 3.0768e-17
6787.025 3.2202e-17
6788.550 3.2966e-17
6790.075 3.1268e-17
6791.600 2.9799e-17
6793.125 2.8286e-17
6794.650 2.959e-17
6796.175 3.0053e-17
6797.700 2.8969e-17
6799.225 3.1858e-17
6800.750 3.1434e-17
6802.275 3.0073e-17
6803.800 2.9876e-17
6805.325 2.9344e-17
6806.850 2.9923e-17
6808.375 3.0132e-17
6809.900 3.0569e-17
6811.425 2.9669e-17
6812.950 2.9674e-17
6814.475 3.2112e-17
6816.000 3.18e-17
6817.525 2.9987e-17
6819.050 3.1347e-17
6820.575 3.1306e-17
6822.100 2.9745e-17
6823.625 3.0377e-17
6825.150 3.2134e-17
6826.675 3.1225e-17
6828.200 2.7441e-17
6829.725 2.6041e-17
6831.250 2.8614e-17
6832.775 3.2387e-17
6834.300 3.4878e-17
6835.825 3.408e-17
6837.350 3.33e-17
6838.875 3.1371e-17
6840.400 3.1362e-17
6841.925 2.9975e-17
6843.450 3.049e-17
6844.975 3.1903e-17
6846.500 3.0709e-17
6848.025 3.0133e-17
6849.550 2.9175e-17
6851.075 2.9615e-17
6852.600 3.1674e-17
6854.125 3.3865e-17
6855.650 3.3333e-17
6857.175 2.9566e-17
6858.700 2.9393e-17
6860.225 3.2649e-17
6861.750 3.2209e-17
6863.275 2.9301e-17
6864.800 2.5779e-17
6866.325 2.0454e-17
6867.850 1.8295e-17
6869.375 2.0322e-17
6870.900 2.3245e-17
6872.425 2.5625e-17
6873.950 2.5525e-17
6875.475 2.5463e-17
6877.000 2.4513e-17
6878.525 2.4129e-17
6880.050 2.498e-17
6881.575 2.531e-17
6883.100 2.5345e-17
6884.625 2.5259e-17
6886.150 2.6019e-17
6887.675 2.649e-17
6889.200 2.6455e-17
6890.725 2.4935e-17
6892.250 2.4169e-17
6893.775 2.3311e-17
6895.300 2.4212e-17
6896.825 2.6138e-17
6898.350 2.786e-17
6899.875 2.9257e-17
6901.400 2.815e-17
6902.925 2.9424e-17
6904.450 2.8447e-17
6905.975 2.4876e-17
6907.500 2.6803e-17
6909.025 3.2355e-17
6910.550 3.1361e-17
6912.075 3.2461e-17
6913.600 3.7494e-17
6915.125 4.069e-17
6916.650 4.539e-17
6918.175 4.5675e-17
6919.700 4.2751e-17
6921.225 3.6226e-17
6922.750 3.0709e-17
6924.275 3.0968e-17
6925.800 2.8349e-17
6927.325 2.592e-17
6928.850 2.7184e-17
6930.375 2.9651e-17
6931.900 2.8979e-17
6933.425 2.9029e-17
6934.950 2.9395e-17
6936.475 2.8802e-17
6938.000 3.0313e-17
6939.525 3.3515e-17
6941.050 3.2652e-17
6942.575 2.5287e-17
6944.100 2.4309e-17
6945.625 2.7298e-17
6947.150 2.7995e-17
6948.675 2.9718e-17
6950.200 2.6468e-17
6951.725 2.3984e-17
6953.250 2.3149e-17
6954.775 2.4893e-17
6956.300 2.6023e-17
6957.825 2.774e-17
6959.350 2.6861e-17
6960.875 2.5825e-17
6962.400 2.7325e-17
6963.925 2.7645e-17
6965.450 2.7367e-17
6966.975 2.5514e-17
6968.500 2.618e-17
6970.025 3.0329e-17
6971.550 3.1838e-17
6973.075 2.8457e-17
6974.600 2.6908e-17
6976.125 2.8507e-17
6977.650 2.7359e-17
6979.175 2.2705e-17
6980.700 2.5227e-17
6982.225 2.38e-17
6983.750 2.2699e-17
6985.275 2.374e-17
6986.800 2.3322e-17
6988.325 2.3678e-17
6989.850 2.5415e-17
6991.375 2.522e-17
6992.900 2.5771e-17
6994.425 2.8416e-17
6995.950 2.8285e-17
6997.475 2.5332e-17
6999.000 2.7533e-17
7000.525 2.6935e-17
7002.050 2.6456e-17
7003.575 2.9885e-17
7005.100 2.9009e-17
7006.625 2.8296e-17
7008.150 2.8766e-17
7009.675 2.7718e-17
7011.200 2.5625e-17
7012.725 2.4294e-17
7014.250 2.3884e-17
7015.775 2.3524e-17
7017.300 2.6073e-17
7018.825 2.7392e-17
7020.350 2.8841e-17
7021.875 2.3492e-17
7023.400 2.3583e-17
7024.925 2.8504e-17
7026.450 2.7706e-17
7027.975 2.6986e-17
7029.500 2.5486e-17
7031.025 2.7423e-17
7032.550 2.9206e-17
7034.075 2.7046e-17
7035.600 2.2946e-17
7037.125 2.3934e-17
7038.650 2.6963e-17
7040.175 2.8104e-17
7041.700 2.7109e-17
7043.225 2.7536e-17
7044.750 2.5223e-17
7046.275 2.6759e-17
7047.800 2.8129e-17
7049.325 2.5093e-17
7050.850 2.5332e-17
7052.375 2.7063e-17
7053.900 2.7162e-17
7055.425 2.6952e-17
7056.950 2.5648e-17
7058.475 2.6174e-17
7060.000 2.7227e-17
7061.525 3.0325e-17
7063.050 3.0305e-17
7064.575 2.7608e-17
7066.100 2.7048e-17
7067.625 2.8292e-17
7069.150 2.7959e-17
7070.675 2.5788e-17
7072.200 2.4636e-17
7073.725 2.2354e-17
7075.250 2.1067e-17
7076.775 2.6489e-17
7078.300 3.2483e-17
7079.825 3.197e-17
7081.350 2.9605e-17
7082.875 2.7309e-17
7084.400 2.5407e-17
7085.925 2.6529e-17
7087.450 2.7022e-17
7088.975 2.6652e-17
7090.500 2.7365e-17
7092.025 2.8989e-17
7093.550 3.2175e-17
7095.075 3.4838e-17
7096.600 2.9515e-17
7098.125 2.2782e-17
7099.650 2.4642e-17
7101.175 2.2316e-17
7102.700 2.0494e-17
7104.225 2.5589e-17
7105.750 2.6738e-17
7107.275 2.5918e-17
7108.800 2.6807e-17
7110.325 2.6791e-17
7111.850 2.5406e-17
7113.375 2.6085e-17
7114.900 2.8233e-17
7116.425 2.6827e-17
7117.950 2.4245e-17
7119.475 2.6493e-17
7121.000 2.8638e-17
7122.525 2.4811e-17
7124.050 2.8075e-17
7125.575 3.0723e-17
7127.100 2.6841e-17
7128.625 2.6495e-17
7130.150 2.7204e-17
7131.675 2.7219e-17
7133.200 2.8571e-17
7134.725 2.8947e-17
7136.250 2.6507e-17
7137.775 2.5606e-17
7139.300 2.6918e-17
7140.825 2.4352e-17
7142.350 2.1391e-17
7143.875 2.4577e-17
7145.400 2.7889e-17
7146.925 2.5749e-17
7148.450 2.3403e-17
7149.975 2.5383e-17
7151.500 2.7218e-17
7153.025 2.9078e-17
7154.550 2.612e-17
7156.075 2.5841e-17
7157.600 2.4259e-17
7159.125 2.4236e-17
7160.650 2.4597e-17
7162.175 2.6191e-17
7163.700 2.58e-17
7165.225 2.671e-17
7166.750 2.4833e-17
7168.275 2.4028e-17
7169.800 2.6222e-17
7171.325 2.4162e-17
7172.850 2.3399e-17
7174.375 2.2967e-17
7175.900 2.1612e-17
7177.425 2.1276e-17
7178.950 2.4212e-17
7180.475 2.609e-17
7182.000 2.3228e-17
7183.525 2.3793e-17
7185.050 2.5894e-17
7186.575 2.3396e-17
7188.100 2.0083e-17
7189.625 2.2787e-17
7191.150 2.413e-17
7192.675 2.3159e-17
7194.200 2.4575e-17
7195.725 2.6706e-17
7197.250 2.5209e-17
7198.775 2.4101e-17
7200.300 2.2314e-17
7201.825 2.3755e-17
7203.350 2.4888e-17
7204.875 2.3436e-17
7206.400 2.4338e-17
7207.925 2.865e-17
7209.450 2.7828e-17
7210.975 2.7268e-17
7212.500 2.47e-17
7214.025 2.2443e-17
7215.550 2.2486e-17
7217.075 2.5884e-17
7218.600 2.5004e-17
7220.125 2.4615e-17
7221.650 2.7198e-17
7223.175 3.1155e-17
7224.700 2.8672e-17
7226.225 2.4677e-17
7227.750 2.7357e-17
7229.275 2.8846e-17
7230.800 2.4511e-17
7232.325 2.1028e-17
7233.850 2.2166e-17
7235.375 2.1719e-17
7236.900 2.4928e-17
7238.425 2.6295e-17
7239.950 2.3858e-17
7241.475 2.2077e-17
7243.000 2.3496e-17
7244.525 2.6282e-17
7246.050 2.6202e-17
7247.575 2.3618e-17
7249.100 2.4868e-17
7250.625 2.6618e-17
7252.150 2.4102e-17
7253.675 2.6046e-17
7255.200 2.9492e-17
7256.725 2.8147e-17
7258.250 2.3973e-17
7259.775 2.3522e-17
7261.300 2.6183e-17
7262.825 2.6187e-17
7264.350 2.7363e-17
7265.875 2.7849e-17
7267.400 2.6785e-17
7268.925 2.5818e-17
7270.450 2.3477e-17
7271.975 2.8813e-17
7273.500 3.4569e-17
7275.025 3.0129e-17
7276.550 2.6611e-17
7278.075 2.3053e-17
7279.600 2.3692e-17
7281.125 2.7874e-17
7282.650 2.4653e-17
7284.175 2.3782e-17
7285.700 2.5655e-17
7287.225 2.6521e-17
7288.750 2.6734e-17
7290.275 2.721e-17
7291.800 2.8675e-17
7293.325 2.8896e-17
7294.850 2.6263e-17
7296.375 2.622e-17
7297.900 2.6979e-17
7299.425 2.6909e-17
7300.950 3.0676e-17
7302.475 3.0898e-17
7304.000 2.4587e-17
7305.525 2.3948e-17
7307.050 2.9252e-17
7308.575 2.9704e-17
7310.100 2.5494e-17
7311.625 2.7946e-17
7313.150 3.4618e-17
7314.675 3.1322e-17
7316.200 2.8674e-17
7317.725 2.7274e-17
7319.250 2.4688e-17
7320.775 3.0575e-17
7322.300 2.6564e-17
7323.825 2.4663e-17
7325.350 2.9709e-17
7326.875 2.892e-17
7328.400 2.5988e-17
7329.925 2.8216e-17
7331.450 2.6539e-17
7332.975 2.3945e-17
7334.500 2.5707e-17
7336.025 2.866e-17
7337.550 2.9135e-17
7339.075 3.1834e-17
7340.600 2.8239e-17
7342.125 2.5093e-17
7343.650 2.1633e-17
7345.175 2.3149e-17
7346.700 2.8369e-17
7348.225 3.0088e-17
7349.750 2.8685e-17
7351.275 2.9502e-17
7352.800 2.8161e-17
7354.325 2.8411e-17
7355.850 2.7895e-17
7357.375 2.7033e-17
7358.900 2.5149e-17
7360.425 2.5068e-17
7361.950 2.8777e-17
7363.475 3.0032e-17
7365.000 3.0148e-17
7366.525 2.7826e-17
7368.050 2.8458e-17
7369.575 3.3644e-17
7371.100 2.9595e-17
7372.625 2.7314e-17
7374.150 2.7679e-17
7375.675 2.6444e-17
7377.200 2.764e-17
7378.725 3.2743e-17
7380.250 3.2441e-17
7381.775 2.854e-17
7383.300 3.0233e-17
7384.825 3.0628e-17
7386.350 2.8169e-17
7387.875 2.6759e-17
7389.400 2.6187e-17
7390.925 2.9494e-17
7392.450 3.2797e-17
7393.975 3.0455e-17
7395.500 2.7141e-17
7397.025 2.5149e-17
7398.550 2.6038e-17
7400.075 2.8186e-17
7401.600 2.8418e-17
7403.125 2.8669e-17
7404.650 2.9825e-17
7406.175 2.9146e-17
7407.700 2.6752e-17
7409.225 2.5199e-17
7410.750 2.6455e-17
7412.275 2.6752e-17
7413.800 2.5176e-17
7415.325 2.6311e-17
7416.850 2.7789e-17
7418.375 2.8323e-17
7419.900 2.8561e-17
7421.425 2.6742e-17
7422.950 2.7503e-17
7424.475 3.2512e-17
7426.000 3.3807e-17
7427.525 2.8496e-17
7429.050 2.8116e-17
7430.575 3.272e-17
7432.100 3.0671e-17
7433.625 2.7218e-17
7435.150 2.8088e-17
7436.675 3.26e-17
7438.200 3.2655e-17
7439.725 2.9369e-17
7441.250 2.7257e-17
7442.775 2.8091e-17
7444.300 3.1735e-17
7445.825 3.2185e-17
7447.350 3.2357e-17
7448.875 3.1598e-17
7450.400 3.0324e-17
7451.925 3.1774e-17
7453.450 2.9304e-17
7454.975 2.7272e-17
7456.500 2.6554e-17
7458.025 2.7894e-17
7459.550 2.8335e-17
7461.075 2.9012e-17
7462.600 3.0488e-17
7464.125 2.7682e-17
7465.650 2.4682e-17
7467.175 2.6489e-17
7468.700 2.9079e-17
7470.225 2.9312e-17
7471.750 2.774e-17
7473.275 2.5206e-17
7474.800 2.5691e-17
7476.325 2.4501e-17
7477.850 2.5466e-17
7479.375 2.4965e-17
7480.900 2.5419e-17
7482.425 2.6924e-17
7483.950 2.5458e-17
7485.475 2.7312e-17
7487.000 2.6602e-17
7488.525 2.5795e-17
7490.050 2.6526e-17
7491.575 2.7693e-17
7493.100 2.4611e-17
7494.625 2.6144e-17
7496.150 2.8046e-17
7497.675 2.8732e-17
7499.200 2.8621e-17
7500.725 2.8289e-17
7502.250 2.9122e-17
7503.775 2.8324e-17
7505.300 2.8718e-17
7506.825 2.8291e-17
7508.350 2.7738e-17
7509.875 2.9124e-17
7511.400 2.6923e-17
7512.925 2.6403e-17
7514.450 2.8328e-17
7515.975 2.8106e-17
7517.500 2.6242e-17
7519.025 3.0238e-17
7520.550 3.2511e-17
7522.075 3.3786e-17
7523.600 3.1367e-17
7525.125 2.7376e-17
7526.650 2.577e-17
7528.175 2.6541e-17
7529.700 3.0729e-17
7531.225 3.2886e-17
7532.750 3.0134e-17
7534.275 3.1516e-17
7535.800 3.1829e-17
7537.325 3.2647e-17
7538.850 3.4877e-17
7540.375 3.2463e-17
7541.900 2.9861e-17
7543.425 2.818e-17
7544.950 2.8532e-17
7546.475 2.8483e-17
7548.000 2.4579e-17
7549.525 2.6946e-17
7551.050 2.9262e-17
7552.575 2.5785e-17
7554.100 2.6545e-17
7555.625 3.1393e-17
7557.150 3.0815e-17
7558.675 3.0084e-17
7560.200 2.9469e-17
7561.725 2.4534e-17
7563.250 2.4486e-17
7564.775 2.5666e-17
7566.300 2.5604e-17
7567.825 2.9184e-17
7569.350 3.1175e-17
7570.875 2.8522e-17
7572.400 2.6538e-17
7573.925 2.5627e-17
7575.450 2.5314e-17
7576.975 2.7508e-17
7578.500 2.9738e-17
7580.025 3.0428e-17
7581.550 2.9757e-17
7583.075 3.1288e-17
7584.600 3.1489e-17
7586.125 2.8726e-17
7587.650 2.5269e-17
7589.175 2.671e-17
7590.700 2.9725e-17
7592.225 2.8281e-17
7593.750 1.97e-17
7595.275 1.1901e-17
7596.800 1.0831e-17
7598.325 1.2171e-17
7599.850 1.2256e-17
7601.375 1.0909e-17
7602.900 6.7273e-18
7604.425 8.8359e-18
7605.950 1.1284e-17
7607.475 9.6398e-18
7609.000 8.428e-18
7610.525 8.5277e-18
7612.050 1.0395e-17
7613.575 1.1232e-17
7615.100 1.5238e-17
7616.625 2.2103e-17
7618.150 2.5575e-17
7619.675 2.3831e-17
7621.200 2.1297e-17
7622.725 1.8144e-17
7624.250 1.3767e-17
7625.775 1.5515e-17
7627.300 1.7783e-17
7628.825 1.6159e-17
7630.350 1.5491e-17
7631.875 1.733e-17
7633.400 1.8962e-17
7634.925 1.8141e-17
7636.450 1.6371e-17
7637.975 1.2944e-17
7639.500 1.2836e-17
7641.025 1.8145e-17
7642.550 2.0571e-17
7644.075 2.2614e-17
7645.600 2.0399e-17
7647.125 1.8423e-17
7648.650 2.1365e-17
7650.175 2.2235e-17
7651.700 2.023e-17
7653.225 2.2225e-17
7654.750 2.4124e-17
7656.275 2.4526e-17
7657.800 2.4023e-17
7659.325 2.4237e-17
7660.850 2.6401e-17
7662.375 2.4257e-17
7663.900 2.254e-17
7665.425 2.2016e-17
7666.950 2.2442e-17
7668.475 2.382e-17
7670.000 2.2875e-17
7671.525 2.5006e-17
7673.050 2.8324e-17
7674.575 2.9024e-17
7676.100 2.7194e-17
7677.625 2.6613e-17
7679.150 2.7088e-17
7680.675 2.5803e-17
7682.200 2.8554e-17
7683.725 3.0604e-17
7685.250 2.9805e-17
7686.775 2.5607e-17
7688.300 2.5037e-17
7689.825 2.5376e-17
7691.350 2.6808e-17
7692.875 2.8332e-17
7694.400 2.6267e-17
7695.925 2.4362e-17
7697.450 2.5596e-17
7698.975 2.4924e-17
7700.500 2.3648e-17
7702.025 2.7306e-17
7703.550 2.8664e-17
7705.075 2.5429e-17
7706.600 2.2213e-17
7708.125 2.4636e-17
7709.650 2.7827e-17
7711.175 2.7292e-17
7712.700 3.1187e-17
7714.225 3.3055e-17
7715.750 2.9243e-17
7717.275 2.8511e-17
7718.800 2.5155e-17
7720.325 2.1613e-17
7721.850 2.2541e-17
7723.375 2.4814e-17
7724.900 2.5661e-17
7726.425 2.7297e-17
7727.950 2.9695e-17
7729.475 2.7951e-17
7731.000 2.6818e-17
7732.525 2.4868e-17
7734.050 2.3388e-17
7735.575 2.3539e-17
7737.100 2.2853e-17
7738.625 2.4592e-17
7740.150 2.6862e-17
7741.675 2.436e-17
7743.200 2.0535e-17
7744.725 1.8509e-17
7746.250 2.218e-17
7747.775 2.4314e-17
7749.300 2.4413e-17
7750.825 2.8041e-17
7752.350 2.1546e-17
7753.875 1.4881e-17
7755.400 1.7141e-17
7756.925 2.3288e-17
7758.450 2.5054e-17
7759.975 2.4251e-17
7761.500 2.4187e-17
7763.025 2.1459e-17
7764.550 2.0242e-17
7766.075 2.0716e-17
7767.600 2.3058e-17
7769.125 2.4878e-17
7770.650 2.2891e-17
7772.175 2.1769e-17
7773.700 2.2044e-17
7775.225 2.2774e-17
7776.750 2.4882e-17
7778.275 2.044e-17
7779.800 2.1619e-17
7781.325 2.203e-17
7782.850 2.239e-17
7784.375 2.3504e-17
7785.900 2.2004e-17
7787.425 1.9831e-17
7788.950 1.8926e-17
7790.475 2.577e-17
7792.000 2.6331e-17
7793.525 1.9698e-17
7795.050 1.6093e-17
7796.575 2.0052e-17
7798.100 2.3193e-17
7799.625 2.0731e-17
7801.150 1.8052e-17
7802.675 2.0366e-17
7804.200 2.531e-17
7805.725 2.2328e-17
7807.250 2.2933e-17
7808.775 2.4053e-17
7810.300 2.2364e-17
7811.825 2.1596e-17
7813.350 2.2106e-17
7814.875 2.0245e-17
7816.400 1.8207e-17
7817.925 2.148e-17
7819.450 2.3187e-17
7820.975 2.3492e-17
7822.500 2.3296e-17
7824.025 2.2079e-17
7825.550 2.185e-17
7827.075 1.9358e-17
7828.600 1.9196e-17
7830.125 2.2293e-17
7831.650 2.3218e-17
7833.175 2.3064e-17
7834.700 2.0381e-17
7836.225 2.0098e-17
7837.750 2.3436e-17
7839.275 2.1945e-17
7840.800 2.0604e-17
7842.325 2.0983e-17
7843.850 1.9869e-17
7845.375 1.8919e-17
7846.900 1.8134e-17
7848.425 2.2388e-17
7849.950 2.7624e-17
7851.475 2.5726e-17
7853.000 2.5258e-17
7854.525 2.572e-17
7856.050 2.0869e-17
7857.575 1.7603e-17
7859.100 1.7298e-17
7860.625 2.4288e-17
7862.150 2.5184e-17
7863.675 1.7975e-17
7865.200 1.812e-17
7866.725 2.5465e-17
7868.250 2.4368e-17
7869.775 2.3902e-17
7871.300 2.2637e-17
7872.825 2.2184e-17
7874.350 2.0385e-17
7875.875 1.6948e-17
7877.400 1.8519e-17
7878.925 2.085e-17
7880.450 2.2909e-17
7881.975 2.2148e-17
7883.500 1.9127e-17
7885.025 2.0864e-17
7886.550 2.4773e-17
7888.075 2.6669e-17
7889.600 2.4925e-17
7891.125 1.8869e-17
7892.650 1.7159e-17
7894.175 2.1499e-17
7895.700 2.1239e-17
7897.225 2.431e-17
7898.750 2.6459e-17
7900.275 2.6796e-17
7901.800 2.2271e-17
7903.325 2.0951e-17
7904.850 2.2253e-17
7906.375 1.8708e-17
7907.900 1.9275e-17
7909.425 2.3696e-17
7910.950 2.2573e-17
7912.475 1.9894e-17
7914.000 2.106e-17
7915.525 2.0105e-17
7917.050 2.6151e-17
7918.575 2.5417e-17
7920.100 2.2046e-17
7921.625 2.2222e-17
7923.150 2.2487e-17
7924.675 2.0533e-17
7926.200 1.7818e-17
7927.725 2.1024e-17
7929.250 2.2362e-17
7930.775 2.1378e-17
7932.300 2.0208e-17
7933.825 2.0021e-17
7935.350 1.9758e-17
7936.875 1.9745e-17
7938.400 2.0302e-17
7939.925 2.2314e-17
7941.450 2.3697e-17
7942.975 2.0125e-17
7944.500 2.1107e-17
7946.025 2.3589e-17
7947.550 2.1162e-17
7949.075 1.953e-17
7950.600 2.0552e-17
7952.125 2.2128e-17
7953.650 2.3343e-17
7955.175 2.4042e-17
7956.700 2.4097e-17
7958.225 2.3134e-17
7959.750 2.2041e-17
7961.275 2.5193e-17
7962.800 2.1596e-17
7964.325 1.4521e-17
7965.850 2.406e-17
7967.375 2.4819e-17
7968.900 2.2339e-17
7970.425 1.8519e-17
7971.950 1.9993e-17
7973.475 2.1526e-17
7975.000 2.079e-17
7976.525 2.3994e-17
7978.050 2.6852e-17
7979.575 2.1879e-17
7981.100 1.9196e-17
7982.625 2.265e-17
7984.150 2.3641e-17
7985.675 2.2325e-17
7987.200 1.9579e-17
7988.725 2.1164e-17
7990.250 2.5415e-17
7991.775 2.4279e-17
7993.300 1.8202e-17
7994.825 2.1187e-17
7996.350 2.121e-17
7997.875 2.0834e-17
7999.400 2.0637e-17
8000.925 2.0599e-17
8002.450 2.1285e-17
8003.975 2.0701e-17
8005.500 2.0059e-17
8007.025 2.1592e-17
8008.550 2.092e-17
8010.075 2.2182e-17
8011.600 2.3125e-17
8013.125 2.6153e-17
8014.650 2.7436e-17
8016.175 2.0525e-17
8017.700 1.794e-17
8019.225 1.6959e-17
8020.750 1.8104e-17
8022.275 2.2935e-17
8023.800 2.5948e-17
8025.325 2.2218e-17
8026.850 1.9618e-17
8028.375 2.0148e-17
8029.900 1.9537e-17
8031.425 2.1716e-17
8032.950 2.3434e-17
8034.475 2.2049e-17
8036.000 2.0161e-17
8037.525 2.026e-17
8039.050 2.1313e-17
8040.575 2.0968e-17
8042.100 2.1961e-17
8043.625 1.9643e-17
8045.150 1.9526e-17
8046.675 2.2025e-17
8048.200 2.3994e-17
8049.725 2.317e-17
8051.250 2.2429e-17
8052.775 2.0489e-17
8054.300 2.3204e-17
8055.825 2.3062e-17
8057.350 2.4696e-17
8058.875 2.8279e-17
8060.400 2.5924e-17
8061.925 2.301e-17
8063.450 2.324e-17
8064.975 2.2399e-17
8066.500 2.0868e-17
8068.025 2.1569e-17
8069.550 2.1444e-17
8071.075 2.4094e-17
8072.600 2.7432e-17
8074.125 2.6544e-17
8075.650 2.6788e-17
8077.175 2.6738e-17
8078.700 2.4698e-17
8080.225 2.466e-17
8081.750 2.5639e-17
8083.275 2.4827e-17
8084.800 2.2481e-17
8086.325 2.0361e-17
8087.850 2.0752e-17
8089.375 2.2609e-17
8090.900 2.4521e-17
8092.425 2.4257e-17
8093.950 2.4231e-17
8095.475 2.6072e-17
8097.000 2.4695e-17
8098.525 2.2432e-17
8100.050 2.0101e-17
8101.575 1.874e-17
8103.100 2.0952e-17
8104.625 2.4666e-17
8106.150 2.3653e-17
8107.675 2.1123e-17
8109.200 2.2574e-17
8110.725 2.651e-17
8112.250 2.4237e-17
8113.775 2.1176e-17
8115.300 2.2117e-17
8116.825 2.5058e-17
8118.350 2.847e-17
8119.875 2.4036e-17
8121.400 2.2442e-17
8122.925 2.1027e-17
8124.450 1.8159e-17
8125.975 1.8949e-17
8127.500 1.9602e-17
8129.025 2.1716e-17
8130.550 2.3701e-17
8132.075 2.2734e-17
8133.600 2.439e-17
8135.125 2.4595e-17
8136.650 2.2208e-17
8138.175 2.1106e-17
8139.700 1.8989e-17
8141.225 1.951e-17
8142.750 1.83e-17
8144.275 2.1128e-17
8145.800 2.084e-17
8147.325 2.0722e-17
8148.850 2.1595e-17
8150.375 2.0574e-17
8151.900 2.2549e-17
8153.425 2.0204e-17
8154.950 2.0205e-17
8156.475 2.397e-17
8158.000 2.3084e-17
8159.525 1.8647e-17
8161.050 1.8605e-17
8162.575 2.0552e-17
8164.100 2.2162e-17
8165.625 2.1911e-17
8167.150 2.2168e-17
8168.675 2.1997e-17
8170.200 2.0121e-17
8171.725 2.3002e-17
8173.250 2.4511e-17
8174.775 1.8869e-17
8176.300 1.8653e-17
8177.825 2.0784e-17
8179.350 2.2317e-17
8180.875 2.0705e-17
8182.400 1.906e-17
8183.925 2.2166e-17
8185.450 1.9777e-17
8186.975 1.6013e-17
8188.500 1.5472e-17
8190.025 1.7696e-17
8191.550 2.073e-17
8193.075 2.1095e-17
8194.600 2.2144e-17
8196.125 2.361e-17
8197.650 2.1516e-17
8199.175 1.9734e-17
8200.700 2.079e-17
8202.225 1.9655e-17
8203.750 1.8694e-17
8205.275 1.7899e-17
8206.800 1.6658e-17
8208.325 1.8419e-17
8209.850 1.8969e-17
8211.375 1.8227e-17
8212.900 1.926e-17
8214.425 1.8321e-17
8215.950 1.922e-17
8217.475 1.9669e-17
8219.000 2.0204e-17
8220.525 2.0128e-17
8222.050 1.737e-17
8223.575 1.5443e-17
8225.100 1.6378e-17
8226.625 1.5077e-17
8228.150 1.5269e-17
8229.675 1.8108e-17
8231.200 2.0117e-17
8232.725 1.771e-17
8234.250 2.024e-17
8235.775 2.2748e-17
8237.300 2.1285e-17
8238.825 2.0604e-17
8240.350 1.9931e-17
8241.875 1.944e-17
8243.400 2.1169e-17
8244.925 1.983e-17
8246.450 2.0451e-17
8247.975 1.9436e-17
8249.500 1.9103e-17
8251.025 1.6215e-17
8252.550 1.6453e-17
8254.075 1.8922e-17
8255.600 1.612e-17
8257.125 1.6621e-17
8258.650 1.8009e-17
8260.175 1.7651e-17
8261.700 1.8369e-17
8263.225 1.6983e-17
8264.750 1.7742e-17
8266.275 2.0869e-17
8267.800 2.4885e-17
8269.325 2.5749e-17
8270.850 2.2018e-17
8272.375 2.1369e-17
8273.900 2.3668e-17
8275.425 2.1681e-17
8276.950 2.0269e-17
8278.475 2.1738e-17
8280.000 1.9952e-17
8281.525 1.839e-17
8283.050 1.8473e-17
8284.575 1.9848e-17
8286.100 1.7412e-17
8287.625 1.9999e-17
8289.150 3.0163e-17
8290.675 3.4351e-17
8292.200 2.2258e-17
8293.725 1.2872e-17
8295.250 1.8626e-17
8296.775 2.7945e-17
8298.300 2.6372e-17
8299.825 2.3348e-17
8301.350 2.181e-17
8302.875 1.7214e-17
8304.400 1.8299e-17
8305.925 1.8583e-17
8307.450 1.6539e-17
8308.975 2.0305e-17
8310.500 2.6004e-17
8312.025 2.5229e-17
8313.550 1.888e-17
8315.075 1.7443e-17
8316.600 1.9306e-17
8318.125 1.7698e-17
8319.650 1.8785e-17
8321.175 2.333e-17
8322.700 2.1682e-17
8324.225 2.2513e-17
8325.750 2.2937e-17
8327.275 2.0243e-17
8328.800 2.3447e-17
8330.325 2.0439e-17
8331.850 1.8782e-17
8333.375 2.2389e-17
8334.900 1.9022e-17
8336.425 1.7743e-17
8337.950 1.1891e-17
8339.475 1.3313e-17
8341.000 2.8651e-17
8342.525 3.0161e-17
8344.050 3.0498e-17
8345.575 2.9875e-17
8347.100 1.2629e-17
8348.625 5.3371e-18
8350.150 1.8384e-17
8351.675 2.4103e-17
8353.200 2.2389e-17
8354.725 2.474e-17
8356.250 2.1719e-17
8357.775 1.8284e-17
8359.300 1.8011e-17
8360.825 2.4461e-17
8362.350 2.3321e-17
8363.875 1.9684e-17
8365.400 2.1615e-17
8366.925 1.6941e-17
8368.450 1.825e-17
8369.975 1.7302e-17
8371.500 1.5838e-17
8373.025 1.5426e-17
8374.550 1.8041e-17
8376.075 1.8409e-17
8377.600 1.4996e-17
8379.125 1.6805e-17
8380.650 1.6931e-17
8382.175 1.8622e-17
8383.700 1.8766e-17
8385.225 1.257e-17
8386.750 1.2945e-17
8388.275 1.529e-17
8389.800 1.3738e-17
8391.325 1.3705e-17
8392.850 1.726e-17
8394.375 2.4594e-17
8395.900 3.4096e-17
8397.425 3.4763e-17
8398.950 2.5299e-17
8400.475 2.6376e-17
8402.000 1.9376e-17
8403.525 1.2927e-17
8405.050 1.4495e-17
8406.575 1.8394e-17
8408.100 1.9264e-17
8409.625 1.5404e-17
8411.150 1.8415e-17
8412.675 2.0958e-17
8414.200 1.9148e-17
8415.725 2.6443e-17
8417.250 2.1795e-17
8418.775 1.3925e-17
8420.300 1.6082e-17
8421.825 1.389e-17
8423.350 1.3859e-17
8424.875 1.7688e-17
8426.400 2.3873e-17
8427.925 2.6561e-17
8429.450 2.1013e-17
8430.975 2.2111e-17
8432.500 2.24e-17
8434.025 1.383e-17
8435.550 1.6416e-17
8437.075 2.1005e-17
8438.600 1.8652e-17
8440.125 1.515e-17
8441.650 1.6126e-17
8443.175 1.6907e-17
8444.700 1.5536e-17
8446.225 1.8085e-17
8447.750 2.0131e-17
8449.275 1.9558e-17
8450.800 1.7128e-17
8452.325 1.5356e-17
8453.850 1.7276e-17
8455.375 1.5347e-17
8456.900 1.0765e-17
8458.425 1.4802e-17
8459.950 1.8388e-17
8461.475 2.3804e-17
8463.000 2.5578e-17
8464.525 2.3741e-17
8466.050 2.2403e-17
8467.575 1.5164e-17
8469.100 1.1551e-17
8470.625 1.4378e-17
8472.150 1.6742e-17
8473.675 1.7e-17
8475.200 1.7126e-17
8476.725 1.7832e-17
8478.250 1.7412e-17
8479.775 1.6952e-17
8481.300 1.4737e-17
8482.825 1.5759e-17
8484.350 1.7329e-17
8485.875 1.8322e-17
8487.400 1.681e-17
8488.925 1.7174e-17
8490.450 1.7743e-17
8491.975 1.6948e-17
8493.500 1.8136e-17
8495.025 1.7241e-17
8496.550 1.3013e-17
8498.075 1.1419e-17
8499.600 9.3309e-18
8501.125 8.6765e-18
8502.650 1.1403e-17
8504.175 1.5523e-17
8505.700 1.9382e-17
8507.225 1.3647e-17
8508.750 1.1263e-17
8510.275 1.3266e-17
8511.800 1.6382e-17
8513.325 1.5757e-17
8514.850 1.3169e-17
8516.375 1.2107e-17
8517.900 1.1075e-17
8519.425 1.4025e-17
8520.950 1.6791e-17
8522.475 1.5202e-17
8524.000 1.4199e-17
8525.525 1.2567e-17
8527.050 9.6022e-18
8528.575 1.1387e-17
8530.100 1.3537e-17
8531.625 1.0811e-17
8533.150 9.117e-18
8534.675 9.6153e-18
8536.200 1.0523e-17
8537.725 1.2899e-17
8539.250 1.506e-17
8540.775 1.5644e-17
8542.300 1.406e-17
8543.825 1.4715e-17
8545.350 1.8252e-17
8546.875 1.7068e-17
8548.400 1.5728e-17
8549.925 1.7517e-17
8551.450 1.8173e-17
8552.975 1.4203e-17
8554.500 1.0453e-17
8556.025 1.6086e-17
8557.550 1.6301e-17
8559.075 1.2869e-17
8560.600 1.7314e-17
8562.125 2.0784e-17
8563.650 1.8211e-17
8565.175 1.6947e-17
8566.700 2.086e-17
8568.225 2.0494e-17
8569.750 2.1196e-17
8571.275 2.1357e-17
8572.800 1.9513e-17
8574.325 1.7065e-17
8575.850 1.5804e-17
8577.375 1.7194e-17
8578.900 2.037e-17
8580.425 1.8603e-17
8581.950 1.7444e-17
8583.475 1.6267e-17
8585.000 1.7054e-17
8586.525 1.9876e-17
8588.050 2.1634e-17
8589.575 1.605e-17
8591.100 1.352e-17
8592.625 1.6096e-17
8594.150 1.5514e-17
8595.675 1.642e-17
8597.200 1.6089e-17
8598.725 1.4831e-17
8600.250 1.6407e-17
8601.775 1.8461e-17
8603.300 1.6867e-17
8604.825 1.6364e-17
8606.350 1.494e-17
8607.875 1.2866e-17
8609.400 1.5228e-17
8610.925 1.708e-17
8612.450 1.6874e-17
8613.975 1.6342e-17
8615.500 1.7163e-17
8617.025 1.8934e-17
8618.550 1.9025e-17
8620.075 1.5989e-17
8621.600 1.5955e-17
8623.125 1.2598e-17
8624.650 1.0875e-17
8626.175 1.4402e-17
8627.700 1.7605e-17
8629.225 1.6586e-17
8630.750 1.4588e-17
8632.275 2.049e-17
8633.800 2.3849e-17
8635.325 2.1475e-17
8636.850 2.1912e-17
8638.375 2.0077e-17
8639.900 1.4059e-17
8641.425 1.447e-17
8642.950 1.5455e-17
8644.475 1.341e-17
8646.000 1.8134e-17
8647.525 2.1441e-17
8649.050 1.6556e-17
8650.575 1.5498e-17
8652.100 1.879e-17
8653.625 2.0084e-17
8655.150 2.1759e-17
8656.675 1.8947e-17
8658.200 1.7446e-17
8659.725 1.6263e-17
8661.250 1.703e-17
8662.775 1.8256e-17
8664.300 1.9682e-17
8665.825 2.2963e-17
8667.350 2.0167e-17
8668.875 1.9755e-17
8670.400 2.6051e-17
8671.925 3.0587e-17
8673.450 3.1513e-17
8674.975 3.0071e-17
8676.500 2.692e-17
8678.025 1.8344e-17
8679.550 2.057e-17
8681.075 2.4286e-17
8682.600 2.1995e-17
8684.125 2.0151e-17
8685.650 1.9846e-17
8687.175 2.0358e-17
8688.700 1.8672e-17
8690.225 1.8515e-17
8691.750 2.3991e-17
8693.275 2.7554e-17
8694.800 2.3262e-17
8696.325 2.2736e-17
8697.850 2.7363e-17
8699.375 2.6258e-17
8700.900 2.7067e-17
8702.425 2.4577e-17
8703.950 2.1098e-17
8705.475 2.2433e-17
8707.000 2.731e-17
8708.525 2.7688e-17
8710.050 2.589e-17
8711.575 2.4091e-17
8713.100 2.4895e-17
8714.625 2.5697e-17
8716.150 2.6357e-17
8717.675 2.603e-17
8719.200 2.5383e-17
8720.725 3e-17
8722.250 3.1868e-17
8723.775 3.0045e-17
8725.300 3.1705e-17
8726.825 3.0566e-17
8728.350 2.8027e-17
8729.875 2.5837e-17
8731.400 2.3934e-17
8732.925 2.4117e-17
8734.450 2.9313e-17
8735.975 2.9452e-17
8737.500 2.4668e-17
8739.025 2.2975e-17
8740.550 2.4987e-17
8742.075 2.6407e-17
8743.600 2.3969e-17
8745.125 2.6656e-17
8746.650 2.9251e-17
8748.175 2.8027e-17
8749.700 2.7571e-17
8751.225 2.803e-17
8752.750 2.9112e-17
8754.275 2.9184e-17
8755.800 3.3072e-17
8757.325 3.4156e-17
8758.850 2.9328e-17
8760.375 2.8606e-17
8761.900 2.8379e-17
8763.425 3.0815e-17
8764.950 3.4562e-17
8766.475 3.3675e-17
8768.000 3.7058e-17
8769.525 3.0133e-17
8771.050 1.667e-17
8772.575 2.3454e-17
8774.100 3.6377e-17
8775.625 4.4585e-17
8777.150 4.7038e-17
8778.675 3.8797e-17
8780.200 3.2107e-17
8781.725 2.6665e-17
8783.250 2.7952e-17
8784.775 2.6801e-17
8786.300 3.1111e-17
8787.825 3.7684e-17
8789.350 3.3038e-17
8790.875 3.2119e-17
8792.400 3.1829e-17
8793.925 2.9873e-17
8795.450 3.2687e-17
8796.975 3.5277e-17
8798.500 3.6457e-17
8800.025 3.8045e-17
8801.550 3.754e-17
8803.075 3.552e-17
8804.600 3.2971e-17
8806.125 3.5663e-17
8807.650 3.617e-17
8809.175 3.4084e-17
8810.700 3.4717e-17
8812.225 3.5138e-17
8813.750 3.5015e-17
8815.275 3.56e-17
8816.800 3.18e-17
8818.325 3.1343e-17
8819.850 3.0712e-17
8821.375 2.7594e-17
8822.900 3.9321e-17
8824.425 4.825e-17
8825.950 4.8551e-17
8827.475 5.4762e-17
8829.000 3.3387e-17
8830.525 1.7556e-17
8832.050 3.4901e-17
8833.575 4.3734e-17
8835.100 4.1183e-17
8836.625 3.969e-17
8838.150 3.6512e-17
8839.675 3.5619e-17
8841.200 3.6971e-17
8842.725 3.8395e-17
8844.250 3.9017e-17
8845.775 4.1877e-17
8847.300 4.3866e-17
8848.825 4.2983e-17
8850.350 4.0628e-17
8851.875 3.6258e-17
8853.400 3.2559e-17
8854.925 3.5823e-17
8856.450 4.0303e-17
8857.975 4.1014e-17
8859.500 4.1377e-17
8861.025 3.8312e-17
8862.550 3.9395e-17
8864.075 4.309e-17
8865.600 4.0236e-17
8867.125 3.8823e-17
8868.650 3.8525e-17
8870.175 3.6945e-17
8871.700 3.6975e-17
8873.225 3.8351e-17
8874.750 3.9731e-17
8876.275 4.3398e-17
8877.800 4.0639e-17
8879.325 2.9527e-17
8880.850 3.5836e-17
8882.375 5.6556e-17
8883.900 5.7885e-17
8885.425 5.0628e-17
8886.950 4.6145e-17
8888.475 3.5794e-17
8890.000 3.5494e-17
8891.525 4.2758e-17
8893.050 4.3621e-17
8894.575 4.3002e-17
8896.100 4.0919e-17
8897.625 3.9741e-17
8899.150 4.4194e-17
8900.675 4.6813e-17
8902.200 4.7557e-17
8903.725 4.7394e-17
8905.250 4.3e-17
8906.775 4.0166e-17
8908.300 3.9413e-17
8909.825 4.0911e-17
8911.350 4.1136e-17
8912.875 3.9315e-17
8914.400 4.2716e-17
8915.925 6.0478e-17
8917.450 5.1553e-17
8918.975 5.4689e-17
8920.500 5.6551e-17
8922.025 3.5053e-17
8923.550 3.1878e-17
8925.075 4.0935e-17
8926.600 4.1339e-17
8928.125 3.9887e-17
8929.650 4.2591e-17
8931.175 4.1785e-17
8932.700 3.7601e-17
8934.225 3.7173e-17
8935.750 4.3744e-17
8937.275 4.4048e-17
8938.800 4.5026e-17
8940.325 4.7592e-17
8941.850 4.54e-17
8943.375 4.6459e-17
8944.900 4.0239e-17
8946.425 3.4604e-17
8947.950 3.7415e-17
8949.475 3.9936e-17
8951.000 3.7925e-17
8952.525 3.665e-17
8954.050 4.9178e-17
8955.575 5.3924e-17
8957.100 4.6687e-17
8958.625 4.5018e-17
8960.150 3.8662e-17
8961.675 3.3284e-17
8963.200 3.7689e-17
8964.725 4.0048e-17
8966.250 4.1342e-17
8967.775 4.3279e-17
8969.300 4.2794e-17
8970.825 4.1094e-17
8972.350 3.9755e-17
8973.875 4.065e-17
8975.400 4.1422e-17
8976.925 4.4156e-17
8978.450 4.4022e-17
8979.975 4.0252e-17
8981.500 4.0173e-17
8983.025 4.1007e-17
8984.550 4.2086e-17
8986.075 3.9449e-17
8987.600 3.6456e-17
8989.125 3.5547e-17
8990.650 3.1073e-17
8992.175 3.2613e-17
8993.700 4.021e-17
8995.225 4.3551e-17
8996.750 4.4525e-17
8998.275 4.8969e-17
8999.800 4.3021e-17
9001.325 3.6728e-17
9002.850 3.6722e-17
9004.375 3.5448e-17
9005.900 3.6144e-17
9007.425 3.9913e-17
9008.950 4.2587e-17
9010.475 4.2444e-17
9012.000 4.124e-17
9013.525 3.8399e-17
9015.050 3.8418e-17
9016.575 4.1471e-17
9018.100 4.4935e-17
9019.625 4.4379e-17
9021.150 4.0312e-17
9022.675 4.0474e-17
9024.200 4.1189e-17
9025.725 3.9675e-17
9027.250 4.2413e-17
9028.775 4.4919e-17
9030.300 4.5569e-17
9031.825 4.6041e-17
9033.350 4.9142e-17
9034.875 4.7621e-17
9036.400 4.3724e-17
9037.925 4.3353e-17
9039.450 3.8357e-17
9040.975 3.8004e-17
9042.500 4.5118e-17
9044.025 4.8285e-17
9045.550 4.8112e-17
9047.075 4.5775e-17
9048.600 4.9337e-17
9050.125 4.9778e-17
9051.650 4.1502e-17
9053.175 3.3503e-17
9054.700 3.6473e-17
9056.225 4.4429e-17
9057.750 4.4077e-17
9059.275 3.823e-17
9060.800 3.7594e-17
9062.325 3.9007e-17
9063.850 4.1556e-17
9065.375 4.4891e-17
9066.900 4.4823e-17
9068.425 3.7411e-17
9069.950 3.1341e-17
9071.475 3.4956e-17
9073.000 3.9539e-17
9074.525 4.0711e-17
9076.050 4.0528e-17
9077.575 3.6975e-17
9079.100 3.153e-17
9080.625 3.1146e-17
9082.150 3.411e-17
9083.675 3.7972e-17
9085.200 3.842e-17
9086.725 3.4989e-17
9088.250 3.6435e-17
9089.775 3.6737e-17
9091.300 3.4567e-17
9092.825 2.9346e-17
9094.350 2.7624e-17
9095.875 3.1571e-17
9097.400 3.3046e-17
9098.925 3.2428e-17
9100.450 3.4335e-17
9101.975 3.8297e-17
9103.500 3.7294e-17
9105.025 3.1612e-17
9106.550 3.0733e-17
9108.075 3.5399e-17
9109.600 3.7092e-17
9111.125 3.9527e-17
9112.650 4.0917e-17
9114.175 3.8031e-17
9115.700 3.2887e-17
9117.225 3.0666e-17
9118.750 3.1538e-17
9120.275 3.5702e-17
9121.800 3.5987e-17
9123.325 3.4676e-17
9124.850 3.4208e-17
9126.375 3.4972e-17
9127.900 3.2936e-17
9129.425 3.227e-17
9130.950 3.3129e-17
9132.475 3.5065e-17
9134.000 3.6438e-17
9135.525 3.5525e-17
9137.050 3.3573e-17
9138.575 3.5819e-17
9140.100 4.042e-17
9141.625 4.0189e-17
9143.150 3.9889e-17
9144.675 3.5997e-17
9146.200 3.1982e-17
9147.725 3.4468e-17
9149.250 3.533e-17
9150.775 3.4851e-17
9152.300 3.2178e-17
9153.825 2.8384e-17
9155.350 2.6408e-17
9156.875 2.6159e-17
9158.400 3.3289e-17
9159.925 3.8147e-17
9161.450 3.8232e-17
9162.975 3.4948e-17
9164.500 3.7043e-17
9166.025 3.7573e-17
9167.550 3.3154e-17
9169.075 3.3196e-17
9170.600 3.6017e-17
9172.125 3.5156e-17
9173.650 2.8288e-17
9175.175 2.6616e-17
9176.700 3.2565e-17
9178.225 3.5723e-17
9179.750 3.6722e-17
9181.275 3.6819e-17
9182.800 3.5096e-17
9184.325 3.2501e-17
9185.850 3.2555e-17
9187.375 3.4956e-17
9188.900 3.4464e-17
9190.425 3.3456e-17
9191.950 3.2852e-17
9193.475 3.3163e-17
9195.000 3.4318e-17
9196.525 3.5675e-17
9198.050 3.5084e-17
9199.575 3.2085e-17
9201.100 3.2951e-17
9202.625 3.5746e-17
9204.150 3.7283e-17
9205.675 3.2908e-17
9207.200 3.1546e-17
9208.725 3.2388e-17
9210.250 3.1753e-17
9211.775 3.2151e-17
9213.300 3.5498e-17
9214.825 3.2713e-17
9216.350 3.1092e-17
9217.875 3.2679e-17
9219.400 3.3135e-17
9220.925 3.2493e-17
9222.450 3.0398e-17
9223.975 3.2591e-17
9225.500 3.6184e-17
9227.025 4.4532e-17
9228.550 4.7806e-17
9230.075 3.7665e-17
9231.600 3.2107e-17
9233.125 2.9518e-17
9234.650 3.1459e-17
9236.175 3.435e-17
9237.700 3.5532e-17
9239.225 3.0404e-17
9240.750 3.0364e-17
9242.275 2.7721e-17
9243.800 2.671e-17
9245.325 2.7704e-17
9246.850 3.0049e-17
9248.375 3.2319e-17
9249.900 3.3418e-17
9251.425 3.1675e-17
9252.950 2.8646e-17
9254.475 2.9332e-17
9256.000 3.0533e-17
9257.525 2.9972e-17
9259.050 2.6727e-17
9260.575 2.6207e-17
9262.100 3.1107e-17
9263.625 3.2888e-17
9265.150 3.2939e-17
9266.675 3.2771e-17
9268.200 2.7673e-17
9269.725 2.822e-17
9271.250 3.2938e-17
9272.775 3.3829e-17
9274.300 3.0626e-17
9275.825 2.7375e-17
9277.350 2.9754e-17
9278.875 2.6339e-17
9280.400 2.3694e-17
9281.925 2.862e-17
9283.450 2.8888e-17
9284.975 2.5682e-17
9286.500 2.6207e-17
9288.025 2.8078e-17
9289.550 2.7706e-17
9291.075 2.8005e-17
9292.600 3.0108e-17
9294.125 2.6694e-17
9295.650 2.0879e-17
9297.175 1.914e-17
9298.700 1.4305e-17
9300.225 1.5369e-17
9301.750 2.6614e-17
9303.275 3.1675e-17
9304.800 2.8992e-17
9306.325 2.7917e-17
9307.850 2.7279e-17
9309.375 2.9198e-17
9310.900 3.1384e-17
9312.425 2.9579e-17
9313.950 3.2019e-17
9315.475 1.8595e-17
9317.000 6.0657e-18
9318.525 1.3924e-17
9320.050 2.9539e-17
9321.575 3.2467e-17
9323.100 2.7742e-17
9324.625 2.3995e-17
9326.150 1.5221e-17
9327.675 1.5519e-17
9329.200 1.8404e-17
9330.725 2.0496e-17
9332.250 2.0392e-17
9333.775 1.8494e-17
9335.300 1.7473e-17
9336.825 1.9374e-17
9338.350 2.3377e-17
9339.875 2.1366e-17
9341.400 1.3327e-17
9342.925 1.4697e-17
9344.450 1.7693e-17
9345.975 2.3256e-17
9347.500 2.7498e-17
9349.025 2.7375e-17
9350.550 2.1957e-17
9352.075 1.939e-17
9353.600 1.6834e-17
9355.125 1.75e-17
9356.650 1.9386e-17
9358.175 1.8798e-17
9359.700 2.0707e-17
9361.225 2.3175e-17
9362.750 2.2508e-17
9364.275 2.2693e-17
9365.800 2.093e-17
9367.325 1.8997e-17
9368.850 2.039e-18
9370.375 3.6606e-19
9371.900 4.8609e-17
9373.425 5.3738e-17
9374.950 3.7717e-17
9376.475 3.9453e-17
9378.000 2.0216e-17
9379.525 4.4005e-18
9381.050 1.359e-17
9382.575 2.602e-17
9384.100 2.6741e-17
9385.625 2.291e-17
9387.150 2.233e-17
9388.675 2.4097e-17
9390.200 2.6836e-17
9391.725 2.7724e-17
9393.250 2.7675e-17
9394.775 2.7566e-17
9396.300 2.0143e-17
9397.825 1.5608e-17
9399.350 2.1643e-17
9400.875 2.6359e-17
9402.400 3.0335e-17
9403.925 2.8075e-17
9405.450 2.159e-17
9406.975 2.3555e-17
9408.500 2.4993e-17
9410.025 2.488e-17
9411.550 2.7864e-17
9413.075 2.6555e-17
9414.600 2.5569e-17
9416.125 3.0418e-17
9417.650 3.1808e-17
9419.175 3.527e-17
9420.700 3.3145e-17
9422.225 1.887e-17
9423.750 1.7396e-17
9425.275 1.8149e-17
9426.800 1.4045e-17
9428.325 1.8677e-17
9429.850 2.682e-17
9431.375 2.3613e-17
9432.900 1.5334e-17
9434.425 2.3299e-17
9435.950 4.0107e-17
9437.475 3.8392e-17
9439.000 3.863e-17
9440.525 3.3078e-17
9442.050 1.2679e-17
9443.575 6.6438e-18
9445.100 1.4189e-17
9446.625 1.7633e-17
9448.150 2.3173e-17
9449.675 2.0046e-17
9451.200 1.4074e-17
9452.725 1.4902e-17
9454.250 1.6779e-17
9455.775 2.4891e-17
9457.300 2.4253e-17
9458.825 2.2082e-17
9460.350 1.3817e-17
9461.875 1.2269e-17
9463.400 1.9308e-17
9464.925 1.8094e-17
9466.450 1.5703e-17
9467.975 1.9139e-17
9469.500 1.7435e-17
9471.025 1.5295e-17
9472.550 2.7746e-17
9474.075 3.0145e-17
9475.600 3.5575e-17
9477.125 4.7833e-17
9478.650 3.531e-17
9480.175 1.102e-17
9481.700 1.3657e-17
9483.225 1.9101e-17
9484.750 1.5375e-17
9486.275 1.4693e-17
9487.800 1.9702e-17
9489.325 2.9035e-17
9490.850 2.7001e-17
9492.375 1.7075e-17
9493.900 9.9705e-18
9495.425 9.9545e-18
9496.950 9.8089e-18
9498.475 1.8832e-17
9500.000 2.6248e-17
9501.525 2.3127e-17
9503.050 2.0416e-17
9504.575 1.5881e-17
9506.100 1.5639e-17
9507.625 2.0649e-17
9509.150 2.3192e-17
9510.675 2.1185e-17
9512.200 1.7435e-17
9513.725 1.6696e-17
9515.250 2.1299e-17
9516.775 2.1988e-17
9518.300 2.1056e-17
9519.825 2.4544e-17
9521.350 1.9835e-17
9522.875 1.5291e-17
9524.400 1.3536e-17
9525.925 1.8466e-17
9527.450 2.2426e-17
9528.975 2.1055e-17
9530.500 2.1512e-17
9532.025 2.2006e-17
9533.550 2.3084e-17
9535.075 2.3218e-17
9536.600 2.857e-17
9538.125 2.5734e-17
9539.650 2.1558e-17
9541.175 1.7911e-17
9542.700 1.1874e-17
9544.225 1.0367e-17
9545.750 1.5692e-17
9547.275 1.732e-17
9548.800 2.3545e-17
9550.325 3.1162e-17
9551.850 3.2014e-17
9553.375 2.3127e-17
9554.900 2.1599e-17
9556.425 2.1552e-17
9557.950 1.9003e-17
9559.475 2.0858e-17
9561.000 2.1484e-17
9562.525 2.5507e-17
9564.050 3.41e-17
9565.575 2.9747e-17
9567.100 3.2129e-17
9568.625 2.8582e-17
9570.150 1.9857e-17
9571.675 2.3042e-17
9573.200 2.4148e-17
9574.725 2.2172e-17
9576.250 2.1926e-17
9577.775 2.3454e-17
9579.300 2.5821e-17
9580.825 2.495e-17
9582.350 2.6392e-17
9583.875 2.8527e-17
9585.400 2.6611e-17
9586.925 2.3143e-17
9588.450 1.6063e-17
9589.975 1.6281e-17
9591.500 2.2155e-17
9593.025 2.5854e-17
9594.550 2.6401e-17
9596.075 2.8551e-17
9597.600 3.3798e-17
9599.125 3.1745e-17
9600.650 3.1049e-17
9602.175 3.0145e-17
9603.700 2.9788e-17
9605.225 3.0589e-17
9606.750 3.6233e-17
9608.275 3.1698e-17
9609.800 2.1885e-17
9611.325 2.4149e-17
9612.850 2.4699e-17
9614.375 2.5101e-17
9615.900 3.2606e-17
9617.425 3.2841e-17
9618.950 2.6899e-17
9620.475 2.3634e-17
9622.000 2.2973e-17
9623.525 2.2907e-17
9625.050 2.3047e-17
9626.575 2.65e-17
9628.100 2.2533e-17
9629.625 2.2559e-17
9631.150 3.432e-17
9632.675 3.5183e-17
9634.200 2.7533e-17
9635.725 2.1174e-17
9637.250 2.7235e-17
9638.775 3.0926e-17
9640.300 2.4396e-17
9641.825 2.0473e-17
9643.350 2.7095e-17
9644.875 3.0909e-17
9646.400 2.4494e-17
9647.925 2.1154e-17
9649.450 2.221e-17
9650.975 2.8864e-17
9652.500 2.7761e-17
9654.025 2.5727e-17
9655.550 2.6683e-17
9657.075 2.6923e-17
9658.600 3.0444e-17
9660.125 2.8151e-17
9661.650 2.5025e-17
9663.175 2.8684e-17
9664.700 2.9256e-17
9666.225 2.9523e-17
9667.750 2.6973e-17
9669.275 1.9482e-17
9670.800 1.5648e-17
9672.325 2.2308e-17
9673.850 3.0577e-17
9675.375 2.9414e-17
9676.900 3.4227e-17
9678.425 3.9998e-17
9679.950 3.0828e-17
9681.475 3.3497e-17
9683.000 3.0369e-17
9684.525 1.6058e-17
9686.050 1.8926e-17
9687.575 2.9171e-17
9689.100 3.9596e-17
9690.625 3.5161e-17
9692.150 2.6548e-17
9693.675 2.3228e-17
9695.200 3.0943e-17
9696.725 3.9419e-17
9698.250 3.8638e-17
9699.775 3.59e-17
9701.300 2.521e-17
9702.825 1.7381e-17
9704.350 2.3061e-17
9705.875 3.1632e-17
9707.400 3.2132e-17
9708.925 2.8354e-17
9710.450 1.908e-17
9711.975 1.7909e-17
9713.500 2.106e-17
9715.025 2.4442e-17
9716.550 2.8979e-17
9718.075 3.5711e-17
9719.600 3.926e-17
9721.125 3.1116e-17
9722.650 1.6794e-17
9724.175 1.4852e-17
9725.700 2.1234e-17
9727.225 3.0309e-17
9728.750 3.3723e-17
9730.275 2.4152e-17
9731.800 1.8989e-17
9733.325 2.5456e-17
9734.850 2.5363e-17
9736.375 1.8615e-17
9737.900 2.0761e-17
9739.425 2.2149e-17
9740.950 1.9913e-17
9742.475 1.8214e-17
9744.000 2.4235e-17
9745.525 2.9136e-17
9747.050 2.3353e-17
9748.575 2.7444e-17
9750.100 3.5906e-17
9751.625 3.4666e-17
9753.150 3.0458e-17
9754.675 2.4008e-17
9756.200 2.1051e-17
9757.725 2.455e-17
9759.250 1.6133e-17
9760.775 1.7012e-17
9762.300 2.3315e-17
9763.825 2.5217e-17
9765.350 2.7899e-17
9766.875 3.2688e-17
9768.400 3.5392e-17
9769.925 2.9778e-17
9771.450 3.1174e-17
9772.975 3.3509e-17
9774.500 3.6431e-17
9776.025 2.741e-17
9777.550 2.825e-17
9779.075 1.7731e-17
9780.600 1.2816e-17
9782.125 2.3589e-17
9783.650 2.5344e-17
9785.175 1.7272e-17
9786.700 2.144e-17
9788.225 4.5373e-17
9789.750 3.8146e-17
9791.275 3.4454e-17
9792.800 2.4294e-17
9794.325 -1.8156e-18
9795.850 1.7349e-17
9797.375 2.701e-17
9798.900 1.6661e-17
9800.425 1.9088e-17
9801.950 1.4703e-17
9803.475 1.9099e-17
9805.000 2.3871e-17
9806.525 2.647e-17
9808.050 2.4852e-17
9809.575 2.6564e-17
9811.100 2.9675e-17
9812.625 3.3457e-17
9814.150 2.8793e-17
9815.675 2.6963e-17
9817.200 3.0147e-17
9818.725 3.2249e-17
9820.250 2.7266e-17
9821.775 2.9834e-17
9823.300 2.8709e-17
9824.825 1.8034e-17
9826.350 1.7067e-17
9827.875 2.9092e-17
9829.400 2.9708e-17
9830.925 2.2869e-17
9832.450 2.3343e-17
9833.975 2.8568e-17
9835.500 3.3317e-17
9837.025 3.0275e-17
9838.550 2.7594e-17
9840.075 2.6714e-17
9841.600 1.9304e-17
9843.125 1.7583e-17
9844.650 2.6111e-17
9846.175 3.3463e-17
9847.700 3.5011e-17
9849.225 3.0351e-17
9850.750 2.0813e-17
9852.275 1.6228e-17
9853.800 2.1488e-17
9855.325 2.3103e-17
9856.850 2.5585e-17
9858.375 3.2286e-17
9859.900 2.7506e-17
9861.425 3.0241e-17
9862.950 3.6435e-17
9864.475 1.8985e-17
9866.000 1.6496e-17
9867.525 4.0254e-17
9869.050 6.2566e-17
9870.575 6.2585e-17
9872.100 6.4925e-17
9873.625 3.6451e-17
9875.150 3.3934e-18
9876.675 1.705e-17
9878.200 2.7131e-17
9879.725 2.4582e-17
9881.250 2.2319e-17
9882.775 2.3096e-17
9884.300 2.7608e-17
9885.825 2.3349e-17
9887.350 1.912e-17
9888.875 1.9868e-17
9890.400 3.2207e-17
9891.925 4.1445e-17
9893.450 3.6275e-17
9894.975 3.8249e-17
9896.500 3.3723e-17
9898.025 1.8391e-17
9899.550 2.5212e-17
9901.075 3.3652e-17
9902.600 3.2564e-17
9904.125 2.0136e-17
9905.650 1.7181e-17
9907.175 7.9164e-18
9908.700 1.0527e-18
9910.225 3.1944e-17
9911.750 7.3054e-17
9913.275 6.4956e-17
9914.800 6.4002e-17
9916.325 4.9953e-17
9917.850 1.0327e-17
9919.375 5.4387e-18
9920.900 3.099e-17
9922.425 4.1454e-17
9923.950 3.0702e-17
9925.475 2.4061e-17
9927.000 3.0847e-17
9928.525 3.0711e-17
9930.050 2.3191e-17
9931.575 2.0479e-17
9933.100 1.8789e-17
9934.625 2.3253e-17
9936.150 2.7395e-17
9937.675 3.4889e-17
9939.200 3.9279e-17
9940.725 2.8405e-17
9942.250 3.0173e-17
9943.775 4.0051e-17
9945.300 4.0777e-17
9946.825 4.4569e-17
9948.350 3.3782e-17
9949.875 6.054e-18
9951.400 1.7879e-18
9952.925 3.7524e-17
9954.450 4.6101e-17
9955.975 3.1704e-17
9957.500 4.0496e-17
9959.025 2.4154e-17
9960.550 1.1006e-17
9962.075 3.3929e-17
9963.600 3.3562e-17
9965.125 1.5012e-17
9966.650 1.0565e-17
9968.175 2.4518e-17
9969.700 4.4705e-17
9971.225 3.9775e-17
9972.750 2.284e-17
9974.275 1.5063e-17
9975.800 1.4719e-17
9977.325 2.1014e-17
9978.850 3.0662e-17
9980.375 3.4421e-17
9981.900 3.1107e-17
9983.425 2.6778e-17
9984.950 2.2297e-17
9986.475 2.8423e-17
9988.000 3.3263e-17
9989.525 2.4076e-17
9991.050 2.6147e-17
9992.575 3.7801e-17
9994.100 3.1731e-17
9995.625 2.6568e-17
9997.150 3.1597e-17
9998.675 3.7506e-17
10000.200 3.4707e-17
10001.725 3.252e-17
10003.250 2.1994e-17
10004.775 2.5128e-17
10006.300 1.7525e-17
10007.825 9.5364e-18
10009.350 4.5107e-17
10010.875 4.7856e-17
10012.400 5.9109e-17
10013.925 5.14e-17
10015.450 2.6615e-17
10016.975 1.462e-17
10018.500 1.4173e-17
10020.025 1.6299e-17
10021.550 3.0538e-17
10023.075 3.7139e-17
10024.600 2.1119e-17
10026.125 1.3876e-17
10027.650 -2.9596e-19
10029.175 2.3412e-18
10030.700 2.6418e-17
10032.225 2.9493e-17
10033.750 2.0767e-17
10035.275 1.5356e-17
10036.800 2.0826e-17
10038.325 2.4665e-17
10039.850 2.8647e-17
10041.375 2.9932e-17
10042.900 2.9211e-17
10044.425 2.4011e-17
10045.950 1.7375e-17
10047.475 1.8766e-17
10049.000 1.8322e-17
10050.525 2.0657e-17
10052.050 2.9178e-17
10053.575 4.1218e-17
10055.100 3.5246e-17
10056.625 3.1721e-17
10058.150 2.7473e-17
10059.675 1.4212e-17
10061.200 7.9198e-18
10062.725 1.6756e-18
10064.250 1.5799e-18
10065.775 8.9805e-18
10067.300 1.6947e-17
10068.825 2.4866e-17
10070.350 3.8123e-17
10071.875 4.3817e-17
10073.400 3.3112e-17
10074.925 2.4685e-17
10076.450 3.017e-17
10077.975 3.4407e-17
10079.500 4.0147e-17
10081.025 3.6323e-17
10082.550 1.9699e-17
10084.075 2.2558e-17
10085.600 1.8123e-17
10087.125 6.0829e-18
10088.650 1.6644e-17
10090.175 2.5598e-17
10091.700 2.9655e-17
10093.225 3.5127e-17
10094.750 2.934e-17
10096.275 2.677e-17
10097.800 4.3196e-17
10099.325 5.3462e-17
10100.850 3.8839e-17
10102.375 2.6206e-17
10103.900 3.7721e-17
10105.425 3.8515e-17
10106.950 1.9928e-17
10108.475 2.4311e-17
10110.000 2.7206e-17
10111.525 1.209e-17
10113.050 2.5393e-17
10114.575 2.4285e-17
10116.100 1.3597e-17
10117.625 1.1344e-17
10119.150 1.5878e-17
10120.675 4.4773e-17
10122.200 6.8364e-17
10123.725 5.4409e-17
10125.250 4.8451e-17
10126.775 2.3454e-17
10128.300 1.225e-17
10129.825 1.8827e-17
10131.350 2.1037e-17
10132.875 1.1993e-17
10134.400 7.5816e-18
10135.925 2.3185e-17
10137.450 1.8151e-17
10138.975 8.9149e-18
10140.500 1.7311e-17
10142.025 2.1238e-17
10143.550 2.36e-17
10145.075 3.6958e-17
10146.600 3.9527e-17
10148.125 2.56e-17
10149.650 2.2057e-17
10151.175 1.8579e-17
10152.700 2.8007e-17
10154.225 2.3369e-17
10155.750 8.7527e-18
10157.275 -1.078e-17
10158.800 -1.7909e-17
10160.325 6.5371e-19
10161.850 2.042e-17
10163.375 2.0941e-17
10164.900 5.3008e-18
10166.425 -1.5409e-17
10167.950 4.8639e-18
10169.475 7.6879e-17
10171.000 1.022e-16
10172.525 2.3342e-17
10174.050 1.1974e-18
10175.575 1.0392e-17
10177.100 4.017e-18
10178.625 1.1207e-17
10180.150 1.9883e-17
10181.675 4.7476e-17
10183.200 2.6777e-17
10184.725 -1.2379e-18
10186.250 2.8066e-17
10187.775 2.4585e-17
10189.300 2.1312e-18
10190.825 3.5285e-17
10192.350 4.61e-17
10193.875 1.9521e-17
10195.400 -8.4562e-18
10196.925 3.6873e-18
10198.450 2.6192e-17
10199.975 3.5022e-17
10201.500 5.7009e-17
10203.025 4.085e-17
10204.550 3.5216e-19
10206.075 5.5297e-18
10207.600 4.3151e-17
10209.125 4.5417e-17
10210.650 2.2715e-17
10212.175 3.666e-17
10213.700 3.4363e-17
10215.225 -1.5573e-18
10216.750 -1.5572e-17
10218.275 3.5624e-18
10219.800 4.8095e-17
10221.325 5.1944e-17
10222.850 2.1882e-17
10224.375 5.2396e-17
10225.900 7.3618e-17
10227.425 4.8086e-17
10228.950 2.1036e-17
10230.475 -1.3987e-17
10232.000 7.9976e-18
10233.525 3.5796e-17
10235.050 4.1804e-17
10236.575 6.8227e-17
10238.100 3.7049e-17
10239.625 1.2402e-17
10241.150 2.5814e-17
10242.675 2.8551e-17
10244.200 3.9252e-17
10245.725 4.1418e-17
10247.250 9.449e-19
10248.775 2.9433e-17
10250.300 5.5407e-17
10251.825 5.2746e-18
10253.350 -3.6603e-17
10254.875 1.8307e-18
10256.400 4.6583e-17
10257.925 4.7589e-17
10259.450 4.3982e-17
10260.975 5.6321e-17
10262.500 6.6453e-17
10264.025 3.0255e-17
10265.550 1.3194e-17
10267.075 6.4376e-17
10268.600 1.0039e-16
10270.125 5.9452e-17
10271.650 5.4827e-17
10273.175 4.7052e-17
10274.700 5.7211e-18
10276.225 -1.073e-17
10277.750 2.7253e-18
10279.275 6.8578e-18
10280.800 -1.7279e-17
10282.325 -2.5295e-17
10283.850 2.32e-17
10285.375 2.0031e-17
10286.900 3.8367e-17
10288.425 4.1997e-18
10289.950 -5.8915e-17
10291.475 -6.4035e-17
10293.000 1.0431e-18
10294.525 6.2442e-17
10296.050 7.2047e-17
10297.575 5.4298e-17
10299.100 2.7596e-18
10300.625 -2.0139e-17
10302.150 -3.6228e-18
10303.675 1.4012e-18
10305.200 -3.0861e-18
10306.725 5.7686e-18
10308.250 7.8261e-18
10309.775 -1.653e-17
10311.300 -1.2243e-17
10312.825 2.9104e-17
10314.350 2.0724e-17
10315.875 -3.6205e-17
10317.400 -4.3131e-17
10318.925 -5.3325e-17
10320.450 -2.8104e-17
10321.975 3.4905e-17
10323.500 5.797e-17
10325.025 3.7135e-17
10326.550 2.8786e-17
10328.075 2.8492e-17
10329.600 2.0339e-18
10331.125 -9.4462e-18
10332.650 -9.122e-18
10334.175 1.9107e-17
10335.700 6.204e-17
10337.225 2.1917e-17
10338.750 1.3528e-18
10340.275 3.4733e-17
10341.800 3.6123e-17
10343.325 3.7588e-17
10344.850 1.5117e-17
10346.375 -3.0978e-19
10347.900 3.0865e-17
10349.425 1.2208e-17
10350.950 -5.8049e-17
10352.475 -8.3835e-17
10354.000 -4.6224e-17
10355.525 5.8556e-17
10357.050 7.8593e-17
10358.575 -6.072e-18
10360.100 6.0569e-18
10361.625 6.4271e-17
10363.150 1.028e-17
10364.675 -3.2016e-17
10366.200 7.7235e-18
10367.725 5.8633e-18
10369.250 -5.7481e-17
10370.775 -6.4764e-17
10372.300 -2.5832e-17
10373.825 5.061e-17
10375.350 4.6196e-17
10376.875 -9.3878e-18
10378.400 3.8745e-17
10379.925 3.237e-17
10381.450 3.6468e-18
10382.975 5.0723e-18
10384.500 5.8338e-18
10386.025 2.7732e-17
10387.550 5.3645e-17
10389.075 3.951e-17
10390.600 3.4691e-18
10392.125 -1.0125e-17
10393.650 1.1727e-17
10395.175 3.4298e-17
10396.700 7.9469e-17
10398.225 6.3803e-17
10399.750 1.2783e-19
10401.275 2.2319e-17
10402.800 3.8485e-17
10404.325 2.5236e-17
10405.850 3.1055e-17
10407.375 4.895e-17
10408.900 -1.914e-18
10410.425 -1.3464e-18
10411.950 1.8515e-17
10413.475 -3.5027e-18
10415.000 7.7389e-17
10416.525 7.3748e-17
10418.050 6.7467e-17
10419.575 9.7488e-17
10421.100 6.5582e-17
10422.625 -1.652e-17
10424.150 -6.4156e-17
10425.675 -4.1785e-17
10427.200 -1.5339e-17
10428.725 1.7006e-17
10430.250 3.3716e-17
10431.775 9.3067e-17
10433.300 8.2917e-17
10434.825 4.6828e-17
10436.350 1.5341e-17
10437.875 9.0869e-18
10439.400 2.8648e-17
10440.925 -1.4777e-17
10442.450 -4.0038e-17
10443.975 -1.1495e-17
10445.500 1.4764e-17
10447.025 -1.2616e-17
10448.550 -2.883e-17
10450.075 1.1651e-17
10451.600 1.1312e-17
10453.125 -4.6331e-18
10454.650 2.2206e-17
10456.175 2.4241e-17
10457.700 -1.3165e-17
10459.225 -2.3026e-17
10460.750 -2.4662e-17
10462.275 -7.1124e-18
10463.800 -9.59e-18
10465.325 -1.5291e-18
10466.850 1.7722e-17
10468.375 2.496e-17
10469.900 4e-17
10471.425 7.8025e-17
10472.950 8.67e-17
10474.475 4.1737e-17
10476.000 3.1062e-17
10477.525 1.9932e-17
10479.050 1.0084e-17
10480.575 9.4866e-18
10482.100 -3.9713e-18
10483.625 3.022e-18
10485.150 4.6545e-17
10486.675 3.2061e-17
10488.200 7.0616e-18
10489.725 2.0811e-17
10491.250 -2.8634e-18
10492.775 8.9312e-18
10494.300 2.9926e-17
10495.825 7.2886e-17
10497.350 8.5042e-17
10498.875 5.4103e-17
10500.400 -5.6783e-18
