2.458538818611099850e+06 2.148487183050576377e+01 1.191862665765743179e+00
2.458467039016200230e+06 nan 7.050138985606170250e-01
2.458494038240700029e+06 nan 4.086118421578818882e+00
2.458472005474499892e+06 nan 8.842459266652555883e-01
2.458274734641199932e+06 2.057873142006165423e+01 5.741761417900330144e+01
2.458451005613400135e+06 2.157170606908656296e+01 5.432318122389084847e-01
2.458526919317100197e+06 2.151525983572814127e+01 5.445492876439187446e-01
2.458502962893499993e+06 nan 1.560719005867314824e+00
2.458543811921299901e+06 nan 5.519867026094672724e+00
2.458466046805600170e+06 2.168043048954173457e+01 3.409335072154631163e-01
2.458658704363400117e+06 nan 1.076373737065430269e+00
2.458609713159699924e+06 2.408884425174348465e+01 3.061254763251394007e+00
2.458651694444399793e+06 2.356756550092721980e+01 5.732594976286471855e+00
2.458598791249999776e+06 nan 8.036503525219945709e-01
2.458609712118099909e+06 2.310149336113256524e+01 1.112528357618303376e+00
2.458612756411999930e+06 nan 1.200996184062807970e+01
2.458608777013900224e+06 2.396948325355841902e+01 2.970515576037327854e+00
2.458638704375000205e+06 nan 9.454860242707796569e-01
2.458639727766199969e+06 2.313700204832924001e+01 1.090289287479349500e+00
2.458635695671299938e+06 nan 6.145388972685842388e-01
2.458661725786999799e+06 2.337391936061142417e+01 2.401425822660133491e+00
2.458633727731499821e+06 nan 1.946121013733675298e+01
2.458599765324099921e+06 nan 4.468660114696808572e-01
2.458648686574100051e+06 nan 3.101048577002542217e+00
2.458642699710600078e+06 nan 2.185040165226813258e+01
2.458628693553199992e+06 2.323927280810405094e+01 1.231651008921224477e+00
2.458645695844899863e+06 nan 1.806779439238859863e+00
2.458612755497700069e+06 nan 1.338392068537459068e+00
2.458628694953700062e+06 nan 7.636788207378408799e-01
2.458594728969899938e+06 nan 2.186021787355720836e+00
2.458616710300900042e+06 2.148966961890652883e+01 1.263734945881360927e+00
2.458617671944399830e+06 nan 3.411285824435452696e+00
2.458575792060200125e+06 2.220857910239113053e+01 6.918193485516221930e-01
2.458511945266200230e+06 nan 9.688972690076647076e-01
2.458467994328700006e+06 nan 2.905604747689465306e+00
2.458560753750000149e+06 2.260298872463524944e+01 1.945880467655689561e+00
2.458573797789399978e+06 2.305941030106704659e+01 1.285824713363080241e+00
2.458513896226900164e+06 nan 2.067354593250607220e+00
2.458589649710599799e+06 nan 9.302279403881956732e-01
2.458622668969899882e+06 nan 2.741419448237908618e+00
2.458596728275499772e+06 2.531243263755368034e+01 9.701428926447650980e+00
2.458562805011599790e+06 nan 5.636175328081934888e-01
2.458634716713000089e+06 2.276594258348904631e+01 9.002904847921260334e-01
2.458599690613400191e+06 2.238462042760428261e+01 7.330625342621167606e-01
2.458606893437500112e+06 nan 6.813478118321313337e-01
2.458472006388899870e+06 nan 1.536190964360068856e+00
2.458585753784699831e+06 2.239820070045532319e+01 6.367645517006662592e-01
2.458589650729199871e+06 2.096359316315688659e+01 1.813025527965919093e+00
2.458599691527800169e+06 2.611953948999622099e+01 2.432886055318735785e+01
2.458588774502300192e+06 nan 1.139386744189732514e+00
2.458677676053199917e+06 nan 5.080585873280506704e+00
2.458510031979199965e+06 2.415049477458254756e+01 8.247051385499448273e+00
2.458591710717599839e+06 2.411679378603277613e+01 1.141431352391997223e+01
2.458543797002300154e+06 nan 4.703259108225553931e+00
2.458572758564800024e+06 nan 8.377746016316928168e-01
2.458619752129599918e+06 2.276085033141199787e+01 4.314934198723837433e+00
2.458636744629600085e+06 2.316035767088310848e+01 1.269929892157977136e+00
2.458561793425899930e+06 2.166606358896254036e+01 1.284751068885406688e+00
2.458654763599500060e+06 2.068898481674705891e+01 4.227771141416177270e-01
2.458622667997700162e+06 2.217887751212025904e+01 3.197428713549694823e+00
2.458592673437499907e+06 nan 7.888767060423805821e-01
2.458637738159699831e+06 2.563071442660912780e+01 1.229768182363332940e+01
2.458568750393500086e+06 2.201096503293397433e+01 4.333998380543906959e-01
2.458587733425899874e+06 2.518985844212027203e+01 1.705963068178267861e+01
2.458559815451399889e+06 2.200806447890657580e+01 1.003301094522813353e+00
2.458473023935200181e+06 2.349049259767607012e+01 1.491642814926340321e+00
2.458606894340300001e+06 2.248012457470886361e+01 7.893842225015764713e-01
2.458567755451399833e+06 2.311449675980881935e+01 1.040218126648104979e+00
2.458633726817099843e+06 nan 1.960365130793617183e+00
2.458582830578700174e+06 nan 5.205061439793545741e-01
2.458573796805600170e+06 nan 5.073882960651465268e+00
2.458511944351899903e+06 nan 1.252509259922233014e+02
2.458580742291700095e+06 nan 4.626830709742622894e+00
2.458596729178200010e+06 2.199972242274498768e+01 4.922891097636111213e-01
2.458619753124999814e+06 2.468970009563460977e+01 2.548859224490648145e+01
2.458600712662000209e+06 nan 1.435298286497827425e+00
2.458560754652800038e+06 2.122821748352107107e+01 5.800047117060463941e-01
2.458636743715300225e+06 2.264180638916408839e+01 8.368012785894509697e-01
2.458586754710599780e+06 2.581659997490903180e+01 2.204277510170848586e+01
2.458428038009299897e+06 2.167744851288018282e+01 4.684441527839465769e-01
2.458491974652799778e+06 2.323681285275354114e+01 1.787073121161102396e+00
2.458547837812500075e+06 nan 5.122054224515083520e-01
2.458567756365700159e+06 nan 4.551566518382206716e+00
2.458586755613400135e+06 nan 1.200061505530974015e+00
2.458431027986099944e+06 2.252279274285586297e+01 7.258799121317802694e-01
2.458581727245400194e+06 nan 7.611183327001821430e-01
2.458451017812499776e+06 nan 5.858251484393842690e-01
2.458442005127300043e+06 2.312735833467394997e+01 1.658995298429102094e+00
2.458304695601900108e+06 2.093631598958059570e+01 2.290745874785222180e-01
2.458494996354199946e+06 nan 8.704266910219901066e-01
2.458558916828699876e+06 2.160307446392188524e+01 5.187334024898965223e-01
2.458435025532399770e+06 2.167713720872635363e+01 6.430813239873879317e-01
2.458470017905099783e+06 nan 1.230865268339479623e+00
2.458276713969899807e+06 2.050625709982442757e+01 1.089760950321689709e-01
2.458276714907399844e+06 2.056389489913719970e+01 1.120319292363405328e-01
2.458506961574099958e+06 2.047070898089967628e+01 4.986460050382560127e-01
2.458538817696799990e+06 2.148152364700492711e+01 1.348251370529254922e+00
2.458438984583300073e+06 nan 5.909689015454871353e+00
2.458440984224500135e+06 nan 8.469800195778091068e-01
2.458438010509300046e+06 2.360071343446574232e+01 2.990215618178657664e+00
2.458491973738399800e+06 nan 1.026468831260921917e+02
2.458440987418999895e+06 2.486185272114697753e+01 7.202269399681116901e+00
2.458522982141199987e+06 2.281683701342542392e+01 9.956655019439162313e-01
2.458461985636599828e+06 2.157403981739581056e+01 6.306268382572222109e-01
2.458597774236099795e+06 nan 1.129018625519663477e+00
2.458465016273099929e+06 2.260735555580899714e+01 7.982936857919116225e-01
2.458514962442100048e+06 nan 1.419028781339787937e+00
2.458487985555599909e+06 nan 8.056888011387285387e-01
2.458557777349499986e+06 2.228443137458375034e+01 1.155361714922623628e+00
2.458277693495399784e+06 2.074661040463592343e+01 1.451741186385005766e-01
2.458505952372699976e+06 nan 8.610688568497509854e-01
2.458514961469899863e+06 nan 1.008109962418768601e+00
2.458462996203700081e+06 1.918441783914254373e+01 9.908275640901946790e-01
2.458502963877299801e+06 nan 4.571847247287945670e+00
2.458294676736100111e+06 2.038826015070288378e+01 2.467361614395105207e-01
2.458505953286999837e+06 2.135338558761256422e+01 9.503219742181312490e-01
2.458526918252300005e+06 2.255696256777204667e+01 1.346678846920321915e+00
2.458524923298600130e+06 nan 1.672439200650948976e+00
2.458494995439799968e+06 2.311315834869462904e+01 1.095482574702552725e+00
2.458461984722199850e+06 2.136092857867654971e+01 5.372295089545812141e-01
2.458465004236099776e+06 2.201713749750744853e+01 4.178426300721008180e-01
2.458483002569399774e+06 2.327844184596740007e+01 2.002815869271346472e+00
2.458540857627300080e+06 2.213332866541318822e+01 4.239850206386282516e-01
2.458283737835600041e+06 2.045268611603254527e+01 1.333298899635269597e-01
2.458481018483799882e+06 2.145236563849050881e+01 6.688452183596304002e-01
2.458279708530100062e+06 2.060280325941674207e+01 1.184328580251886587e-01
2.458280727754599880e+06 2.085337974033418362e+01 1.462922713046746759e-01
2.458284714236100204e+06 2.082988736235249050e+01 1.658316938587806322e-01
2.458493020578700118e+06 2.225561555829779081e+01 5.692906549452404485e-01
2.458279707592600025e+06 2.063472208553621456e+01 1.288058952517684153e-01
2.458278694016200025e+06 2.031813317204995428e+01 1.277793266611120804e-01
2.458256721307899803e+06 1.910963385038119711e+01 2.478297157656679864e-02
2.458256718113400042e+06 1.898345233769249774e+01 5.086429775642500872e-02
2.458267685671300162e+06 2.008342319391736908e+01 2.870257417290817403e-01
2.458282743113399949e+06 2.051190572243279320e+01 1.428308101964616827e-01
2.458268667916699778e+06 2.013272680044186913e+01 2.446333356645781776e-01
2.458256723588000052e+06 1.911962642738401286e+01 3.427918972525142299e-02
2.458256720844899770e+06 1.907077975961843563e+01 2.971383776000269261e-02
2.458256720393499825e+06 1.903240480997133943e+01 2.404952978485047632e-02
2.458256718564799987e+06 1.905858874756917487e+01 5.543443789062842131e-02
2.458256723125000019e+06 1.904482515946437715e+01 3.309930698262121551e-02
2.458262720127299894e+06 1.953129587358479213e+01 8.220947870448302996e-02
2.458288696053199936e+06 2.157082673678200635e+01 4.284738119379506438e-01
2.458258668634300120e+06 1.931732338369091906e+01 3.976281721357183968e-02
2.458281737141199876e+06 2.065455105415118453e+01 1.447851374182410888e-01
2.458282744039400015e+06 2.057574875968037276e+01 1.528261453435325601e-01
2.458256717650500126e+06 1.902215899038762359e+01 4.778277384452800369e-02
2.458256719942099880e+06 1.901659724402259855e+01 2.524579654895743597e-02
2.458256722222200129e+06 1.903661701104525505e+01 2.934295701045347080e-02
2.458263759247700218e+06 1.981470484935502796e+01 1.085399642387891578e-01
2.458256719027800020e+06 1.905324106014863261e+01 5.355882807103476417e-02
2.458256719479199965e+06 1.905297159435927057e+01 4.480584126393311745e-02
2.458256721759300213e+06 1.904560238847547637e+01 2.455932405708682528e-02
2.458580741354200058e+06 2.532533657086484880e+01 8.129089249570062847e+00
2.458256722673600074e+06 1.903855177752824090e+01 3.457059932197989460e-02
2.458574837372700218e+06 2.433459490978446738e+01 1.695402698121321805e+01
2.458467993391199969e+06 nan 2.164641251973373670e+01
