2.458221745300900191e+06 nan 2.454865731824119734e+01
2.458585816863399930e+06 nan 5.731067426057713732e+01
2.458509982060200069e+06 nan 1.352233861184514163e+00
2.458534878252299968e+06 2.039403401041482766e+01 8.033948115645123123e-01
2.458639678588000126e+06 nan 9.424095720268609311e-01
2.458282693773100153e+06 1.976521721980895308e+01 7.114292067413810483e-02
2.458612713599499781e+06 2.261222355341542212e+01 7.019617995222316997e-01
2.458594817893499974e+06 nan 1.169738589066789736e+01
2.458503983981499914e+06 nan 8.084624241360067742e+00
2.458255738356499933e+06 1.831702163719832654e+01 2.119594380552583535e-02
2.458272685879599769e+06 1.925916692126773100e+01 4.448239388472292888e-02
2.458263735185199883e+06 1.873952074840442350e+01 3.434878316032659307e-02
2.458245671446800232e+06 1.832463416934540845e+01 2.202017452850801860e-02
2.458219762523099780e+06 2.357297808512923964e+01 2.561423790508777998e+00
2.458283715543999802e+06 1.981144980709989767e+01 7.306392310294997083e-02
2.458217740520799998e+06 2.454228183292477183e+01 4.876987877845540886e+00
2.458601784074100200e+06 nan 1.961018206223993365e+00
2.458216739641199820e+06 nan 1.720143027015234471e+00
2.458513954305599909e+06 2.174855311452079221e+01 4.435205785408794732e+00
2.458221755983800162e+06 2.159332971946901480e+01 7.966175829707676792e-01
2.458442058229200076e+06 nan 1.898269494608721075e+00
2.458587775486099999e+06 2.207303317884083071e+01 1.308461848679139505e+00
2.458651734259299934e+06 2.106251663870845547e+01 4.986793374382841315e-01
2.458637694536999799e+06 2.226596819583895837e+01 5.176058423073457426e-01
2.458633699837999884e+06 2.385059508591691468e+01 2.480709673913338520e+00
2.458606705729200039e+06 2.462392170370144484e+01 4.090578887343594872e+00
2.458608733483800199e+06 nan 1.248951177563560000e+00
2.458633698923599906e+06 nan 6.789785558250801545e-01
2.458635738518499769e+06 nan 1.248354967293608953e+00
2.458616652372700162e+06 2.249393824735213698e+01 1.452455502668181353e+00
2.458612712569400202e+06 nan 8.255711065127833148e-01
2.458619694895800203e+06 nan 1.840960767984293511e+01
2.458619693460599985e+06 2.153723082655449517e+01 3.202080696841488106e+00
2.458606689872699790e+06 2.413732533519424095e+01 2.655860328384234581e+00
2.458654696736100130e+06 nan 7.087216104135095618e-01
2.458636708310199901e+06 2.347855823629303273e+01 1.528286193878493293e+00
2.458661699374999851e+06 nan 5.994722862450337919e-01
2.458658680891199969e+06 nan 5.233144845242128085e-01
2.458602776157400105e+06 2.144805493393361573e+01 6.540516116477275155e-01
2.458583773101899773e+06 nan 1.530779764398578635e+01
2.458450027106500231e+06 2.173667967568101389e+01 5.999543215158926746e-01
2.458602783819399774e+06 2.339660971000807521e+01 2.184510828813754468e+00
2.458558836539399810e+06 nan 7.470652696408281557e+00
2.458584798391200136e+06 2.234529711818144548e+01 7.818058810018174709e-01
2.458547810775499791e+06 2.253222782913033484e+01 6.420942879327357078e-01
2.458474977870400064e+06 nan 1.174078356205592044e+01
2.458580725949100219e+06 2.204354142808762873e+01 4.945623901284369461e-01
2.458580725034699775e+06 2.350887395515525213e+01 1.917579046965422807e+00
2.458492024675900117e+06 2.228652252022855862e+01 1.063605760166799197e+00
2.458638725868099835e+06 2.252255267296326480e+01 8.876017635179108689e-01
2.458543839062499814e+06 2.289895095920238433e+01 1.698482695457453895e+00
2.458560839884299785e+06 nan 1.111047526746791636e+00
2.458573757476899773e+06 nan 8.190198818129407199e-01
2.458560838923600037e+06 2.258270626026900629e+01 1.720448604902941048e+00
2.458592754270799924e+06 2.213772830483258858e+01 1.358624305927014886e+00
2.458575735185199883e+06 2.142904018932475552e+01 2.220046546860439118e+00
2.458583774004600011e+06 2.253450572683506081e+01 9.507004275714503461e-01
2.458618803136600181e+06 2.199850179980616360e+01 2.524345108242877611e+00
2.458561837395799812e+06 nan 1.771744918227697863e+00
2.458642722858800087e+06 nan 6.039769938668284599e-01
2.458526989826399833e+06 2.180402455886426694e+01 9.934959708903877695e-01
2.458503047858799808e+06 2.204248884124520202e+01 1.074316397197380146e+00
2.458596751851900015e+06 2.254180058994776559e+01 9.048894818509152227e-01
2.458589752407399938e+06 nan 7.261905194306990108e-01
2.458634757789399941e+06 nan 1.835197782700727087e+00
2.458573756562499795e+06 nan 1.257240101246075659e+00
2.458586716851899866e+06 2.228921159572167809e+01 8.346312065520926637e-01
2.458568777627300005e+06 nan 1.507475721897481913e+00
2.458511905729200225e+06 2.404549252916140745e+01 3.617878393481190447e+00
2.458582731840299908e+06 nan 2.058988547645999034e+00
2.458427992500000168e+06 2.273328353279800851e+01 2.711305348629671208e+00
2.458276698576400056e+06 1.966609133914044349e+01 5.132127293492054487e-02
2.458559770833299961e+06 2.188356477665961464e+01 6.773335842377403715e-01
2.458592753310199827e+06 2.174584780020939689e+01 8.639445629289369544e-01
2.458511900972200092e+06 nan 6.902518825286824367e+00
2.458677703090299852e+06 2.357956948350413029e+01 4.575954949589745802e+00
2.458469016041699797e+06 nan 2.931753440203592298e+00
2.458540831493100151e+06 2.376975286217246719e+01 1.712551723926655445e+00
2.458586715844899882e+06 2.305181731385201971e+01 1.502894554492546719e+00
2.458430984016200062e+06 2.133357413200761243e+01 3.852850280017365847e-01
2.458449046319399960e+06 2.216997812126678369e+01 1.047345117933967895e+00
2.458492025590300094e+06 2.214204511173455359e+01 8.303515819543182408e-01
2.458466005578699987e+06 nan 1.295939297961693715e+00
2.458617753657400142e+06 nan 2.726784509216609198e+00
2.458589755185199901e+06 nan 1.266465662089694133e+00
2.458441059085600078e+06 nan 8.451983367701241256e-01
2.458443953229200095e+06 2.154877807717834060e+01 6.485034100823416914e-01
2.458277743113399949e+06 1.950931711346035513e+01 5.724766910871916664e-02
2.458244670879600104e+06 1.846786831386393857e+01 2.228439943703129297e-02
2.458472042083300184e+06 2.268608460330049326e+01 1.076623834448186878e+00
2.458443952303200029e+06 2.214041728979211854e+01 1.142379657328798537e+00
2.458567749536999967e+06 nan 1.717873859707034212e+00
2.458494952685200144e+06 nan 4.348416417029744019e-01
2.458449014814800117e+06 2.192826952364130122e+01 9.411359021786623869e-01
2.458441046875000000e+06 2.395985200249766223e+01 3.291831682064680464e+00
2.458276699502300005e+06 1.950187977787423321e+01 4.681353514766930374e-02
2.458294733414399903e+06 2.033906866402123725e+01 1.784238381778625038e-01
2.458434985486099962e+06 2.083414889929636260e+01 5.550794797793742186e-01
2.458221717442099936e+06 nan 2.817825319085629499e+00
2.458439023888899945e+06 2.265633441433821105e+01 8.753997117108579529e-01
2.458591871990699787e+06 nan 5.114824771628114775e-01
2.458567735625000205e+06 nan 3.134877452710737700e+00
2.458304680150500033e+06 2.044915864495266433e+01 1.881619924646865671e-01
2.458447974652799778e+06 2.166693193590894850e+01 8.235759597581254754e-01
2.458311676770799793e+06 2.087512807043891883e+01 3.432275064063524672e-01
2.458534876412000041e+06 nan 3.325086542546993318e+00
2.458512954375000205e+06 nan 6.547289299663306972e-01
2.458538838136599865e+06 2.044433708975580899e+01 6.965147863386685900e-01
2.458424045324100181e+06 2.145095019517906465e+01 7.079951073682395624e-01
2.458447975567100104e+06 2.112326174283529312e+01 5.674346609593337032e-01
2.458494940474499948e+06 nan 4.722163777602222723e+00
2.458486983530099969e+06 2.412364640992098330e+01 3.241542961678537171e+00
2.458245672384299804e+06 1.831251342598235254e+01 2.014038448732850817e-02
2.458468047442100011e+06 2.170823491441645814e+01 3.848009783348392832e-01
2.458514920983800199e+06 2.148915134757199752e+01 1.797353402828430147e+00
2.458462046678199898e+06 nan 4.234368826270775266e+00
2.458514935092600062e+06 2.274462430254565248e+01 1.125843626922527596e+00
2.458468048356499989e+06 nan 1.664154028105774286e+00
2.458278737199100200e+06 1.962453381718995260e+01 7.373912595809674342e-02
2.458557856805600226e+06 2.160946256358485229e+01 5.836420930750430003e-01
2.458597830405099783e+06 nan 1.394301780153625714e+00
2.458503026921300218e+06 nan 2.887442829711022174e+00
2.458249734444399830e+06 1.823204520052594901e+01 3.470402474034774837e-02
2.458218757858799770e+06 2.225805833223118313e+01 7.538245693794938251e-01
2.458227750902799889e+06 2.309635792392789000e+01 1.642661231988551407e+00
2.458488030266200192e+06 2.222704992116770839e+01 4.947968715651939187e-01
2.458494003159699962e+06 2.380068738867867495e+01 1.954141756471612146e+00
2.458524951064799912e+06 2.353221156096495648e+01 1.716438685183732105e+00
2.458214743842599913e+06 nan 1.839435156919949632e+00
2.458507050613400061e+06 2.121445636912699584e+01 1.108264405814313847e+00
2.458243670324100181e+06 1.859087524605912733e+01 2.551814286577345700e-02
2.458486984444399830e+06 nan 3.387708061695118289e+00
2.458219743009299971e+06 nan 1.560532474296834504e+00
2.458297753599499818e+06 2.048649873421972956e+01 4.130256937024709973e-01
2.458465047708299942e+06 2.323256428921646588e+01 2.291527137067812081e+00
2.458557857928200159e+06 2.207250396344108623e+01 8.002017728291996868e-01
2.458539829803199973e+06 nan 1.097877276348567799e+00
2.458246733761600219e+06 1.832339803890119612e+01 2.660688752154534084e-02
2.458284703981500119e+06 1.980214665900125581e+01 7.978098520492148127e-02
2.458218801157400012e+06 nan 7.304855566010700629e-01
2.458226732280100230e+06 nan 2.324257326436869331e+00
2.458217739571799990e+06 2.299459471589929649e+01 1.131206311402809916e+00
2.458247734363399912e+06 1.827640056098378452e+01 2.118503303961455364e-02
2.458248736250000075e+06 1.817265211768218336e+01 2.085257766026081885e-02
2.458222759039400145e+06 2.294549883342484975e+01 1.781178346083146069e+00
2.458279671516200062e+06 1.963023840576897427e+01 8.124886173944390055e-02
2.458492982071800157e+06 nan 2.306785797099997382e+01
2.458222778263899963e+06 nan 6.568452362747259521e+00
2.458279687500000000e+06 1.963190351521407706e+01 5.769603905829045337e-02
2.458250734803199768e+06 1.817004329230390169e+01 3.189232306378821796e-02
2.458215740138900001e+06 nan 6.060850485983321212e-01
2.458606743564799894e+06 nan 4.127369460047395577e+00
2.458618767476900015e+06 2.218104470821018381e+01 1.774401323205964554e+00
2.458274698911999818e+06 1.944534978850020224e+01 5.235106204542190611e-02
2.458270673680599779e+06 1.928262186723659966e+01 5.164424339118614538e-02
2.458256778032400180e+06 1.843385074167858662e+01 2.366863144198433702e-02
2.458266750648099929e+06 1.902158286517810737e+01 6.645308513721885635e-02
2.458262702592600137e+06 1.872148822511917388e+01 4.335843010285225785e-02
2.458224824641199782e+06 2.086876880036036752e+01 6.726770107725789094e-01
2.458217762986099813e+06 nan 6.882361709005586192e+00
2.458267790173599962e+06 1.891233358141093390e+01 7.426490783624438430e-02
2.458224825578699820e+06 nan 5.611317532788551166e-01
2.458217762071799953e+06 2.349017427350909770e+01 3.687524115065907715e+00
2.458257733877299819e+06 1.840516775630030111e+01 2.691872081480652101e-02
2.458272684953699820e+06 1.936538217574320697e+01 4.444881583921712204e-02
2.458256744317099918e+06 1.839827729463880246e+01 2.799136167076568538e-02
2.458269685972199775e+06 1.908495550093862647e+01 5.763176100011084546e-02
2.458257732951399870e+06 1.842423366532040774e+01 2.723508393697404717e-02
2.458262752870399971e+06 1.864044853973445015e+01 4.845849971731772815e-02
2.458266751562499907e+06 1.907612400050915014e+01 6.588773048480781047e-02
2.458254692338000052e+06 1.825908599524143838e+01 1.925394024490553052e-02
2.458282694699100219e+06 1.981958224844886374e+01 6.921749314091524274e-02
2.458280674988400191e+06 1.963329755664687326e+01 8.811414713315800229e-02
2.458224726030100137e+06 2.282561982284510194e+01 1.617929343711753898e+00
2.458288749895799905e+06 1.978481098491178258e+01 1.043613372904176606e-01
2.458281694467599969e+06 1.975758715071222582e+01 7.199807611903592808e-02
2.458233675208299886e+06 2.414881016114986778e+01 6.185636506670984858e+00
2.458224718553199898e+06 2.218652089797783589e+01 1.301288292505080824e+00
2.458224733669000212e+06 2.398693054057450880e+01 4.167276440163240281e+00
2.458254691400500014e+06 1.831482236475327596e+01 1.987392505223416900e-02
2.458269685034700204e+06 1.919936222481101495e+01 6.557320649735762230e-02
2.458231776226900052e+06 2.395791051029553742e+01 4.222836346357119020e+00
2.458218774525499903e+06 nan 3.255164718858442274e+00
2.458508962824100163e+06 2.406054636748185516e+01 6.538698165052671207e+00
2.458648713969899807e+06 2.180406418082537101e+01 9.930325110597481020e-01
2.458219716238399968e+06 2.298523613519583364e+01 1.518052636398932620e+00
2.458233676145799924e+06 2.273164519234583736e+01 1.788974072993191111e+00
2.458214737754600123e+06 nan 7.113653948659546700e+00
2.458248735324100126e+06 1.821474271182131233e+01 2.186980324138545345e-02
2.458472041168999858e+06 2.277716464976741051e+01 9.393758032822524529e-01
2.458508973923599813e+06 2.343620302490903740e+01 4.903371356459872210e+00
